3963 12801454 1026
3962 12798771 2683
3961 12795187 3584
3960 12788384 6803
3959 12787551 833
3958 12786406 1145
3957 12780117 6289
3956 12773819 6298
3955 12771669 2150
3954 12762596 9073
3953 12759264 3332
3952 12758266 998
3951 12750966 7300
3950 12746480 4486
3949 12739465 7015
3948 12731396 8069
3947 12730132 1264
3946 12729143 989
3945 12726676 2467
3944 12723397 3279
3943 12719719 3678
3942 12716416 3303
3941 12712927 3489
3940 12711934 993
3939 12707936 3998
3938 12706570 1366
3937 12704327 2243
3936 12699246 5081
3935 12695857 3389
3934 12693995 1862
3933 12690191 3804
3932 12686322 3869
3931 12683812 2510
3930 12677310 6502
3929 12669415 7895
3928 12664956 4459
3927 12661908 3048
3926 12647122 14786
3925 12641428 5694
3924 12637631 3797
3923 12634922 2709
3922 12625288 9634
3921 12615705 9583
3920 12611640 4065
3919 12604695 6945
3918 12596664 8031
3917 12593692 2972
3916 12592648 1044
3915 12585028 7620
3914 12577461 7567
3913 12566857 10604
3912 12563800 3057
3911 12562737 1063
3910 12559834 2903
3909 12553188 6646
3908 12545586 7602
3907 12540174 5412
3906 12531833 8341
3905 12523340 8493
3904 12516283 7057
3903 12512016 4267
3902 12507202 4814
3901 12503336 3866
3900 12500934 2402
3899 12498202 2732
3898 12494333 3869
3897 12485292 9041
3896 12478863 6429
3895 12477063 1800
3894 12469976 7087
3893 12464285 5691
3892 12455643 8642
3891 12447438 8205
3890 12439517 7921
3889 12436121 3396
3888 12432612 3509
3887 12424092 8520
3886 12422484 1608
3885 12419370 3114
3884 12417271 2099
3883 12414581 2690
3882 12413088 1493
3881 12406726 6362
3880 12403030 3696
3879 12399685 3345
3878 12398624 1061
3877 12397707 917
3876 12396889 818
3875 12396036 853
3874 12393321 2715
3873 12389182 4139
3872 12379936 9246
3871 12375232 4704
3870 12371041 4191
3869 12369137 1904
3868 12367011 2126
3867 12366149 862
3866 12361482 4667
3865 12360261 1221
3864 12358211 2050
3863 12354169 4042
3862 12353627 542
3861 12347339 6288
3860 12344511 2828
3859 12342394 2117
3858 12337538 4856
3857 12335983 1555
3856 12318934 17049
3855 12317016 1918
3854 12314385 2631
3853 12312674 1711
3852 12311682 992
3851 12310216 1466
3850 12308111 2105
3849 12305806 2305
3848 12304313 1493
3847 12296724 7589
3846 12295440 1284
3845 12294339 1101
3844 12291463 2876
3843 12288650 2813
3842 12287957 693
3841 12282129 5828
3840 12281492 637
3839 12277688 3804
3838 12273923 3765
3837 12270119 3804
3836 12266261 3858
3835 12262580 3681
3834 12258833 3747
3833 12253025 5808
3832 12250532 2493
3831 12249731 801
3830 12248959 772
3829 12247338 1621
3828 12242119 5219
3827 12236350 5769
3826 12235443 907
3825 12232731 2712
3824 12232110 621
3823 12230507 1603
3822 12227059 3448
3821 12225249 1810
3820 12219249 6000
3819 12217463 1786
3818 12216334 1129
3817 12215089 1245
3816 12213237 1852
3815 12210407 2830
3814 12209204 1203
3813 12203393 5811
3812 12200487 2906
3811 12198899 1588
3810 12196846 2053
3809 12195550 1296
3808 12192964 2586
3807 12187126 5838
3806 12185522 1604
3805 12184660 862
3804 12182114 2546
3803 12179637 2477
3802 12177191 2446
3801 12174175 3016
3800 12171211 2964
3799 12168310 2901
3798 12165119 3191
3797 12162799 2320
3796 12160920 1879
3795 12157991 2929
3794 12157256 735
3793 12156506 750
3792 12154845 1661
3791 12145045 9800
3790 12139930 5115
3789 12133474 6456
3788 12130984 2490
3787 12124410 6574
3786 12115355 9055
3785 12113382 1973
3784 12108340 5042
3783 12105452 2888
3782 12098972 6480
3781 12086009 12963
3780 12083902 2107
3779 12070267 13635
3778 12063913 6354
3777 12062350 1563
3776 12059903 2447
3775 12058847 1056
3774 12055391 3456
3773 12052596 2795
3772 12051512 1084
3771 12045310 6202
3770 12038397 6913
3769 12031122 7275
3768 12026276 4846
3767 12023044 3232
3766 12019523 3521
3765 12016638 2885
3764 12005614 11024
3763 12002265 3349
3762 11995119 7146
3761 11992715 2404
3760 11991059 1656
3759 11982572 8487
3758 11979979 2593
3757 11961388 18591
3756 11938467 22921
3755 11937490 977
3754 11934120 3370
3753 11931537 2583
3752 11925058 6479
3751 11917831 7227
3750 11911996 5835
3749 11908172 3824
3748 11903768 4404
3747 11899072 4696
3746 11898541 531
3745 11894611 3930
3744 11889804 4807
3743 11881210 8594
3742 11876268 4942
3741 11871013 5255
3740 11867040 3973
3739 11858275 8765
3738 11855197 3078
3737 11845238 9959
3736 11843684 1554
3735 11840330 3354
3734 11836172 4158
3733 11835927 245
3732 11835147 780
3731 11833909 1238
3730 11825637 8272
3729 11822659 2978
3728 11819921 2738
3727 11817421 2500
3726 11812293 5128
3725 11807601 4692
3724 11802131 5470
3723 11798033 4098
3722 11794855 3178
3721 11789416 5439
3720 11784792 4624
3719 11781838 2954
3718 11778878 2960
3717 11776741 2137
3716 11774385 2356
3715 11766577 7808
3714 11761003 5574
3713 11756907 4096
3712 11752523 4384
3711 11748124 4399
3710 11743543 4581
3709 11735586 7957
3708 11734437 1149
3707 11730306 4131
3706 11726877 3429
3705 11722424 4453
3704 11717148 5276
3703 11712514 4634
3702 11709220 3294
3701 11705606 3614
3700 11698709 6897
3699 11694865 3844
3698 11690490 4375
3697 11686235 4255
3696 11680008 6227
3695 11677984 2024
3694 11675311 2673
3693 11667515 7796
3692 11665055 2460
3691 11661912 3143
3690 11659934 1978
3689 11658255 1679
3688 11653529 4726
3687 11650140 3389
3686 11647917 2223
3685 11644277 3640
3684 11634750 9527
3683 11627858 6892
3682 11619527 8331
3681 11618136 1391
3680 11614145 3991
3679 11607757 6388
3678 11605592 2165
3677 11598041 7551
3676 11596271 1770
3675 11589837 6434
3674 11588672 1165
3673 11586250 2422
3672 11581583 4667
3671 11580500 1083
3670 11579023 1477
3669 11570895 8128
3668 11563874 7021
3667 11563069 805
3666 11561433 1636
3665 11560278 1155
3664 11558514 1764
3663 11556767 1747
3662 11554609 2158
3661 11552178 2431
3660 11550725 1453
3659 11549207 1518
3658 11547623 1584
3657 11540750 6873
3656 11536791 3959
3655 11535703 1088
3654 11534338 1365
3653 11530758 3580
3652 11526728 4030
3651 11525253 1475
3650 11512436 12817
3649 11508325 4111
3648 11506545 1780
3647 11503888 2657
3646 11500944 2944
3645 11499693 1251
3644 11495620 4073
3643 11489224 6396
3642 11487885 1339
3641 11486278 1607
3640 11482687 3591
3639 11473811 8876
3638 11473467 344
3637 11469102 4365
3636 11468171 931
3635 11462634 5537
3634 11461529 1105
3633 11460214 1315
3632 11458973 1241
3631 11455804 3169
3630 11454473 1331
3629 11448538 5935
3628 11446261 2277
3627 11444712 1549
3626 11444181 531
3625 11442338 1843
3624 11439082 3256
3623 11430915 8167
3622 11428612 2303
3621 11427551 1061
3620 11421594 5957
3619 11416994 4600
3618 11415637 1357
3617 11412792 2845
3616 11403317 9475
3615 11385590 17727
3614 11384233 1357
3613 11373411 10822
3612 11372499 912
3611 11371285 1214
3610 11365524 5761
3609 11364455 1069
3608 11363031 1424
3607 11359516 3515
3606 11358643 873
3605 11336880 21763
3604 11326796 10084
3603 11325418 1378
3602 11324757 661
3601 11322328 2429
3600 11319955 2373
3599 11315379 4576
3598 11302520 12859
3597 11298294 4226
3596 11289787 8507
3595 11284771 5016
3594 11283984 787
3593 11283296 688
3592 11280880 2416
3591 11279610 1270
3590 11278791 819
3589 11275120 3671
3588 11272547 2573
3587 11266078 6469
3586 11265527 551
3585 11261633 3894
3584 11260321 1312
3583 11258165 2156
3582 11256150 2015
3581 11254805 1345
3580 11253229 1576
3579 11249980 3249
3578 11246443 3537
3577 11245309 1134
3576 11241466 3843
3575 11240316 1150
3574 11239922 394
3573 11239071 851
3572 11216977 22094
3571 11214620 2357
3570 11210974 3646
3569 11201976 8998
3568 11199369 2607
3567 11197023 2346
3566 11194845 2178
3565 11193544 1301
3564 11187843 5701
3563 11168813 19030
3562 11161600 7213
3561 11161271 329
3560 11158149 3122
3559 11155565 2584
3558 11154635 930
3557 11151094 3541
3556 11150242 852
3555 11147943 2299
3554 11138025 9918
3553 11137605 420
3552 11136937 668
3551 11134935 2002
3550 11133792 1143
3549 11129202 4590
3548 11126703 2499
3547 11122656 4047
3546 11119342 3314
3545 11114378 4964
3544 11112765 1613
3543 11110442 2323
3542 11109827 615
3541 11108878 949
3540 11089196 19682
3539 11058885 30311
3538 11049555 9330
3537 11042155 7400
3536 11037942 4213
3535 11009307 28635
3534 11009002 305
3533 11005157 3845
3532 11004229 928
3531 11001261 2968
3530 10997154 4107
3529 10994246 2908
3528 10993817 429
3527 10990456 3361
3526 10987062 3394
3525 10983509 3553
3524 10979938 3571
3523 10970900 9038
3522 10950837 20063
3521 10949060 1777
3520 10946276 2784
3519 10943668 2608
3518 10941617 2051
3517 10938848 2769
3516 10938112 736
3515 10924149 13963
3514 10917717 6432
3513 10902140 15577
3512 10901016 1124
3511 10900069 947
3510 10897249 2820
3509 10896962 287
3508 10895339 1623
3507 10876963 18376
3506 10874129 2834
3505 10871759 2370
3504 10868726 3033
3503 10867084 1642
3502 10866540 544
3501 10852779 13761
3500 10850888 1891
3499 10847539 3349
3498 10845708 1831
3497 10843290 2418
3496 10836716 6574
3495 10836119 597
3494 10834704 1415
3493 10830527 4177
3492 10827832 2695
3491 10825972 1860
3490 10822934 3038
3489 10821694 1240
3488 10819872 1822
3487 10812189 7683
3486 10792730 19459
3485 10790654 2076
3484 10783909 6745
3483 10778421 5488
3482 10772750 5671
3481 10767137 5613
3480 10758175 8962
3479 10757212 963
3478 10755504 1708
3477 10753733 1771
3476 10752167 1566
3475 10749503 2664
3474 10742614 6889
3473 10739644 2970
3472 10737773 1871
3471 10736848 925
3470 10734885 1963
3469 10733662 1223
3468 10730713 2949
3467 10728968 1745
3466 10726766 2202
3465 10726406 360
3464 10724883 1523
3463 10723659 1224
3462 10716875 6784
3461 10711063 5812
3460 10708979 2084
3459 10705357 3622
3458 10699848 5509
3457 10698426 1422
3456 10697386 1040
3455 10694500 2886
3454 10691813 2687
3453 10687750 4063
3452 10684599 3151
3451 10683029 1570
3450 10680947 2082
3449 10674690 6257
3448 10672696 1994
3447 10670458 2238
3446 10668830 1628
3445 10666218 2612
3444 10657435 8783
3443 10656209 1226
3442 10653205 3004
3441 10652294 911
3440 10650796 1498
3439 10648017 2779
3438 10647084 933
3437 10645637 1447
3436 10642845 2792
3435 10641545 1300
3434 10638500 3045
3433 10633372 5128
3432 10631938 1434
3431 10630692 1246
3430 10627858 2834
3429 10626142 1716
3428 10618183 7959
3427 10616845 1338
3426 10615576 1269
3425 10614285 1291
3424 10611623 2662
3423 10605869 5754
3422 10604361 1508
3421 10601455 2906
3420 10599211 2244
3419 10593489 5722
3418 10589674 3815
3417 10588232 1442
3416 10586302 1930
3415 10585091 1211
3414 10584145 946
3413 10580389 3756
3412 10578378 2011
3411 10575814 2564
3410 10574249 1565
3409 10572290 1959
3408 10571236 1054
3407 10570520 716
3406 10568951 1569
3405 10565840 3111
3404 10564597 1243
3403 10562159 2438
3402 10561668 491
3401 10559523 2145
3400 10557190 2333
3399 10554980 2210
3398 10552774 2206
3397 10550604 2170
3396 10549973 631
3395 10548314 1659
3394 10545617 2697
3393 10543285 2332
3392 10540804 2481
3391 10538953 1851
3390 10538390 563
3389 10525402 12988
3388 10523708 1694
3387 10522931 777
3386 10521331 1600
3385 10520077 1254
3384 10519282 795
3383 10518413 869
3382 10516193 2220
3381 10512939 3254
3380 10507972 4967
3379 10503342 4630
3378 10499361 3981
3377 10498824 537
3376 10497459 1365
3375 10496129 1330
3374 10495149 980
3373 10492262 2887
3372 10490358 1904
3371 10487233 3125
3370 10486322 911
3369 10485018 1304
3368 10480249 4769
3367 10479568 681
3366 10478389 1179
3365 10476999 1390
3364 10474836 2163
3363 10472505 2331
3362 10470021 2484
3361 10465334 4687
3360 10452436 12898
3359 10450506 1930
3358 10447109 3397
3357 10439736 7373
3356 10437861 1875
3355 10430818 7043
3354 10419876 10942
3353 10416683 3193
3352 10414149 2534
3351 10408954 5195
3350 10407257 1697
3349 10405837 1420
3348 10404594 1243
3347 10403319 1275
3346 10399028 4291
3345 10397542 1486
3344 10395274 2268
3343 10392943 2331
3342 10388915 4028
3341 10387165 1750
3340 10385002 2163
3339 10379998 5004
3338 10374626 5372
3337 10373246 1380
3336 10372179 1067
3335 10371102 1077
3334 10369364 1738
3333 10360974 8390
3332 10357500 3474
3331 10347950 9550
3330 10344751 3199
3329 10342094 2657
3328 10340229 1865
3327 10338198 2031
3326 10328534 9664
3325 10325874 2660
3324 10323473 2401
3323 10322246 1227
3322 10318726 3520
3321 10317816 910
3320 10314252 3564
3319 10310007 4245
3318 10307437 2570
3317 10306601 836
3316 10306058 543
3315 10301839 4219
3314 10300043 1796
3313 10297928 2115
3312 10293736 4192
3311 10292304 1432
3310 10289778 2526
3309 10288705 1073
3308 10286450 2255
3307 10284055 2395
3306 10281763 2292
3305 10280191 1572
3304 10277647 2544
3303 10275964 1683
3302 10275234 730
3301 10273804 1430
3300 10271936 1868
3299 10269650 2286
3298 10268587 1063
3297 10266013 2574
3296 10265197 816
3295 10264086 1111
3294 10263563 523
3293 10260360 3203
3292 10258560 1800
3291 10255430 3130
3290 10253470 1960
3289 10251240 2230
3288 10249305 1935
3287 10247341 1964
3286 10243971 3370
3285 10243014 957
3284 10241927 1087
3283 10240060 1867
3282 10238486 1574
3281 10236043 2443
3280 10233127 2916
3279 10231742 1385
3278 10229988 1754
3277 10227486 2502
3276 10224983 2503
3275 10223442 1541
3274 10221634 1808
3273 10220547 1087
3272 10219294 1253
3271 10215251 4043
3270 10211825 3426
3269 10210993 832
3268 10204570 6423
3267 10201290 3280
3266 10200411 879
3265 10198787 1624
3264 10197907 880
3263 10191886 6021
3262 10190646 1240
3261 10184835 5811
3260 10184035 800
3259 10179402 4633
3258 10177069 2333
3257 10176143 926
3256 10172838 3305
3255 10166951 5887
3254 10163615 3336
3253 10159315 4300
3252 10156766 2549
3251 10153135 3631
3250 10152069 1066
3249 10149066 3003
3248 10146244 2822
3247 10143498 2746
3246 10142219 1279
3245 10139590 2629
3244 10137637 1953
3243 10136635 1002
3242 10135274 1361
3241 10134137 1137
3240 10133231 906
3239 10132075 1156
3238 10130328 1747
3237 10127965 2363
3236 10126966 999
3235 10125982 984
3234 10125118 864
3233 10124009 1109
3232 10122756 1253
3231 10120047 2709
3230 10117227 2820
3229 10114881 2346
3228 10109874 5007
3227 10108032 1842
3226 10106925 1107
3225 10104776 2149
3224 10102079 2697
3223 10100565 1514
3222 10096374 4191
3221 10095128 1246
3220 10093828 1300
3219 10092691 1137
3218 10090828 1863
3217 10088539 2289
3216 10083445 5094
3215 10082275 1170
3214 10081282 993
3213 10080004 1278
3212 10079027 977
3211 10077234 1793
3210 10072354 4880
3209 10070592 1762
3208 10066806 3786
3207 10063597 3209
3206 10060265 3332
3205 10059167 1098
3204 10057532 1635
3203 10056640 892
3202 10055262 1378
3201 10053847 1415
3200 10051127 2720
3199 10047762 3365
3198 10044769 2993
3197 10041525 3244
3196 10037522 4003
3195 10035907 1615
3194 10035039 868
3193 10033738 1301
3192 10030941 2797
3191 10029332 1609
3190 10026355 2977
3189 10025051 1304
3188 10023369 1682
3187 10017753 5616
3186 10012527 5226
3185 10010805 1722
3184 10009278 1527
3183 10007080 2198
3182 10005734 1346
3181 10004260 1474
3180 10001937 2323
3179 10000474 1463
3178 9997780 2694
3177 9996568 1212
3176 9995158 1410
3175 9992423 2735
3174 9986262 6161
3173 9984381 1881
3172 9981657 2724
3171 9980791 866
3170 9979162 1629
3169 9977249 1913
3168 9975955 1294
3167 9974149 1806
3166 9972615 1534
3165 9970555 2060
3164 9969055 1500
3163 9968094 961
3162 9966304 1790
3161 9961634 4670
3160 9958406 3228
3159 9955761 2645
3158 9954173 1588
3157 9952489 1684
3156 9950073 2416
3155 9948336 1737
3154 9946680 1656
3153 9945424 1256
3152 9940309 5115
3151 9938557 1752
3150 9937455 1102
3149 9907407 30048
3148 9904814 2593
3147 9901586 3228
3146 9899349 2237
3145 9896871 2478
3144 9895843 1028
3143 9892081 3762
3142 9885117 6964
3141 9883934 1183
3140 9882758 1176
3139 9880896 1862
3138 9879389 1507
3137 9877412 1977
3136 9871967 5445
3135 9870959 1008
3134 9868813 2146
3133 9845214 23599
3132 9838854 6360
3131 9832898 5956
3130 9825795 7103
3129 9814559 11236
3128 9788764 25795
3127 9781971 6793
3126 9769398 12573
3125 9765868 3530
3124 9761562 4306
3123 9741777 19785
3122 9738103 3674
3121 9735224 2879
3120 9733089 2135
3119 9725204 7885
3118 9713721 11483
3117 9710314 3407
3116 9704942 5372
3115 9686503 18439
3114 9680940 5563
3113 9675623 5317
3112 9666166 9457
3111 9661550 4616
3110 9656290 5260
3109 9654653 1637
3108 9647335 7318
3107 9639324 8011
3106 9631453 7871
3105 9623226 8227
3104 9618974 4252
3103 9607050 11924
3102 9603561 3489
3101 9597220 6341
3100 9592252 4968
3099 9587779 4473
3098 9582123 5656
3097 9574210 7913
3096 9566758 7452
3095 9562478 4280
3094 9556987 5491
3093 9548574 8413
3092 9539613 8961
3091 9535455 4158
3090 9530768 4687
3089 9524275 6493
3088 9517541 6734
3087 9512287 5254
3086 9507453 4834
3085 9502037 5416
3084 9497301 4736
3083 9493510 3791
3082 9482961 10549
3081 9480184 2777
3080 9474885 5299
3079 9457005 17880
3078 9418429 38576
3077 9410889 7540
3076 9406845 4044
3075 9398192 8653
3074 9393949 4243
3073 9387401 6548
3072 9382398 5003
3071 9379565 2833
3070 9377714 1851
3069 9369671 8043
3068 9364424 5247
3067 9358936 5488
3066 9352405 6531
3065 9350676 1729
3064 9346765 3911
3063 9342366 4399
3062 9339379 2987
3061 9330112 9267
3060 9323789 6323
3059 9320836 2953
3058 9316348 4488
3057 9308651 7697
3056 9305905 2746
3055 9298478 7427
3054 9296903 1575
3053 9290369 6534
3052 9281163 9206
3051 9278828 2335
3050 9274515 4313
3049 9273879 636
3048 9271091 2788
3047 9270558 533
3046 9268252 2306
3045 9259302 8950
3044 9252352 6950
3043 9242437 9915
3042 9231583 10854
3041 9219933 11650
3040 9218757 1176
3039 9216093 2664
3038 9212668 3425
3037 9205594 7074
3036 9203737 1857
3035 9200913 2824
3034 9197749 3164
3033 9188936 8813
3032 9182437 6499
3031 9175421 7016
3030 9167722 7699
3029 9165178 2544
3028 9161463 3715
3027 9161198 265
3026 9157582 3616
3025 9155715 1867
3024 9154384 1331
3023 9149067 5317
3022 9144173 4894
3021 9137880 6293
3020 9127220 10660
3019 9125265 1955
3018 9122106 3159
3017 9117602 4504
3016 9114833 2769
3015 9106027 8806
3014 9097624 8403
3013 9095690 1934
3012 9093648 2042
3011 9087851 5797
3010 9086192 1659
3009 9083163 3029
3008 9078356 4807
3007 9076192 2164
3006 9064652 11540
3005 9055004 9648
3004 9045363 9641
3003 9040666 4697
3002 9036955 3711
3001 9034404 2551
3000 9030809 3595
2999 9027849 2960
2998 9024053 3796
2997 9023122 931
2996 9016435 6687
2995 9011079 5356
2994 9002790 8289
2993 8997900 4890
2992 8996929 971
2991 8990332 6597
2990 8986064 4268
2989 8983802 2262
2988 8978425 5377
2987 8975671 2754
2986 8972554 3117
2985 8953208 19346
2984 8943539 9669
2983 8940801 2738
2982 8938160 2641
2981 8930563 7597
2980 8927132 3431
2979 8925082 2050
2978 8921058 4024
2977 8912106 8952
2976 8908771 3335
2975 8902812 5959
2974 8902078 734
2973 8899376 2702
2972 8895759 3617
2971 8884561 11198
2970 8880228 4333
2969 8867923 12305
2968 8866164 1759
2967 8865432 732
2966 8864438 994
2965 8863805 633
2964 8862947 858
2963 8861632 1315
2962 8851536 10096
2961 8847512 4024
2960 8846840 672
2959 8846087 753
2958 8835082 11005
2957 8829749 5333
2956 8828727 1022
2955 8827696 1031
2954 8826603 1093
2953 8824119 2484
2952 8822601 1518
2951 8815588 7013
2950 8811628 3960
2949 8802778 8850
2948 8802038 740
2947 8800927 1111
2946 8796730 4197
2945 8790560 6170
2944 8786879 3681
2943 8782503 4376
2942 8780639 1864
2941 8776239 4400
2940 8771690 4549
2939 8767087 4603
2938 8761581 5506
2937 8759790 1791
2936 8758650 1140
2935 8754601 4049
2934 8744977 9624
2933 8739152 5825
2932 8736290 2862
2931 8733053 3237
2930 8732335 718
2929 8730526 1809
2928 8721418 9108
2927 8719776 1642
2926 8716095 3681
2925 8703816 12279
2924 8689159 14657
2923 8685262 3897
2922 8680855 4407
2921 8668419 12436
2920 8664378 4041
2919 8660662 3716
2918 8634571 26091
2917 8631969 2602
2916 8619746 12223
2915 8614213 5533
2914 8611890 2323
2913 8609104 2786
2912 8607707 1397
2911 8602175 5532
2910 8601501 674
2909 8597699 3802
2908 8596547 1152
2907 8595828 719
2906 8594642 1186
2905 8584896 9746
2904 8575191 9705
2903 8568761 6430
2902 8562453 6308
2901 8555651 6802
2900 8549629 6022
2899 8547849 1780
2898 8544934 2915
2897 8543504 1430
2896 8534465 9039
2895 8527750 6715
2894 8524470 3280
2893 8517993 6477
2892 8516295 1698
2891 8510211 6084
2890 8504108 6103
2889 8501055 3053
2888 8494665 6390
2887 8490348 4317
2886 8488194 2154
2885 8486605 1589
2884 8475852 10753
2883 8470110 5742
2882 8463746 6364
2881 8462974 772
2880 8459739 3235
2879 8458972 767
2878 8456401 2571
2877 8455166 1235
2876 8450414 4752
2875 8448440 1974
2874 8445586 2854
2873 8440290 5296
2872 8436319 3971
2871 8405387 30932
2870 8402628 2759
2869 8398920 3708
2868 8394477 4443
2867 8387898 6579
2866 8382679 5219
2865 8375350 7329
2864 8374370 980
2863 8374105 265
2862 8370630 3475
2861 8368661 1969
2860 8366266 2395
2859 8364920 1346
2858 8363807 1113
2857 8359917 3890
2856 8358529 1388
2855 8355411 3118
2854 8353956 1455
2853 8352124 1832
2852 8349702 2422
2851 8337102 12600
2850 8332490 4612
2849 8325130 7360
2848 8323660 1470
2847 8321887 1773
2846 8320265 1622
2845 8317407 2858
2844 8297318 20089
2843 8294286 3032
2842 8291836 2450
2841 8286640 5196
2840 8284448 2192
2839 8283409 1039
2838 8281057 2352
2837 8279830 1227
2836 8268197 11633
2835 8262066 6131
2834 8257053 5013
2833 8256461 592
2832 8255058 1403
2831 8252617 2441
2830 8250381 2236
2829 8249165 1216
2828 8247421 1744
2827 8245604 1817
2826 8239812 5792
2825 8237164 2648
2824 8236347 817
2823 8235268 1079
2822 8233191 2077
2821 8230420 2771
2820 8225946 4474
2819 8220071 5875
2818 8214630 5441
2817 8211694 2936
2816 8207323 4371
2815 8204796 2527
2814 8203248 1548
2813 8200685 2563
2812 8199983 702
2811 8195561 4422
2810 8189837 5724
2809 8187610 2227
2808 8184721 2889
2807 8181427 3294
2806 8180776 651
2805 8179257 1519
2804 8171893 7364
2803 8162814 9079
2802 8157726 5088
2801 8154872 2854
2800 8148550 6322
2799 8147393 1157
2798 8146446 947
2797 8145453 993
2796 8139124 6329
2795 8135998 3126
2794 8133992 2006
2793 8119885 14107
2792 8116072 3813
2791 8108160 7912
2790 8104235 3925
2789 8100742 3493
2788 8098995 1747
2787 8089211 9784
2786 8084586 4625
2785 8083177 1409
2784 8077465 5712
2783 8076078 1387
2782 8070669 5409
2781 8055341 15328
2780 8053617 1724
2779 8051322 2295
2778 8045227 6095
2777 8042866 2361
2776 8037974 4892
2775 8033576 4398
2774 8030267 3309
2773 8022904 7363
2772 8021541 1363
2771 8017586 3955
2770 8016446 1140
2769 8009076 7370
2768 8003972 5104
2767 7998330 5642
2766 7995409 2921
2765 7991841 3568
2764 7987457 4384
2763 7985078 2379
2762 7984141 937
2761 7977216 6925
2760 7972077 5139
2759 7968405 3672
2758 7967812 593
2757 7964589 3223
2756 7956388 8201
2755 7950798 5590
2754 7948883 1915
2753 7945830 3053
2752 7942434 3396
2751 7934804 7630
2750 7923871 10933
2749 7922255 1616
2748 7920541 1714
2747 7917934 2607
2746 7915802 2132
2745 7914090 1712
2744 7906564 7526
2743 7903610 2954
2742 7900626 2984
2741 7894136 6490
2740 7892148 1988
2739 7886941 5207
2738 7880654 6287
2737 7871847 8807
2736 7869880 1967
2735 7867129 2751
2734 7862464 4665
2733 7860918 1546
2732 7860238 680
2731 7858027 2211
2730 7854159 3868
2729 7848893 5266
2728 7837921 10972
2727 7832041 5880
2726 7830526 1515
2725 7828832 1694
2724 7818663 10169
2723 7815054 3609
2722 7810898 4156
2721 7795398 15500
2720 7792006 3392
2719 7788267 3739
2718 7783479 4788
2717 7780055 3424
2716 7777542 2513
2715 7772156 5386
2714 7770370 1786
2713 7768464 1906
2712 7741410 27054
2711 7739117 2293
2710 7737005 2112
2709 7733828 3177
2708 7731626 2202
2707 7721936 9690
2706 7717514 4422
2705 7714564 2950
2704 7713457 1107
2703 7712664 793
2702 7709011 3653
2701 7705730 3281
2700 7702409 3321
2699 7697588 4821
2698 7694253 3335
2697 7689425 4828
2696 7685592 3833
2695 7665772 19820
2694 7661544 4228
2693 7660429 1115
2692 7657811 2618
2691 7654277 3534
2690 7651423 2854
2689 7647868 3555
2688 7643791 4077
2687 7640825 2966
2686 7639887 938
2685 7638643 1244
2684 7634308 4335
2683 7632708 1600
2682 7629081 3627
2681 7625294 3787
2680 7620772 4522
2679 7601827 18945
2678 7598271 3556
2677 7595070 3201
2676 7591418 3652
2675 7588174 3244
2674 7585432 2742
2673 7581946 3486
2672 7578210 3736
2671 7574566 3644
2670 7571271 3295
2669 7568094 3177
2668 7563023 5071
2667 7559242 3781
2666 7553791 5451
2665 7550332 3459
2664 7549100 1232
2663 7544948 4152
2662 7540094 4854
2661 7536675 3419
2660 7535159 1516
2659 7530480 4679
2658 7510933 19547
2657 7507412 3521
2656 7503953 3459
2655 7502394 1559
2654 7498981 3413
2653 7494621 4360
2652 7475259 19362
2651 7471986 3273
2650 7467919 4067
2649 7464781 3138
2648 7461685 3096
2647 7458834 2851
2646 7455350 3484
2645 7451393 3957
2644 7447202 4191
2643 7442420 4782
2642 7438911 3509
2641 7434186 4725
2640 7430417 3769
2639 7419900 10517
2638 7415584 4316
2637 7412107 3477
2636 7408097 4010
2635 7404286 3811
2634 7400637 3649
2633 7397088 3549
2632 7392923 4165
2631 7388920 4003
2630 7385736 3184
2629 7381994 3742
2628 7377684 4310
2627 7374609 3075
2626 7370231 4378
2625 7366431 3800
2624 7362105 4326
2623 7356751 5354
2622 7355492 1259
2621 7351487 4005
2620 7331685 19802
2619 7328210 3475
2618 7324633 3577
2617 7321902 2731
2616 7319274 2628
2615 7314447 4827
2614 7311388 3059
2613 7307776 3612
2612 7303521 4255
2611 7300282 3239
2610 7299114 1168
2609 7297026 2088
2608 7295329 1697
2607 7293534 1795
2606 7291409 2125
2605 7289406 2003
2604 7281707 7699
2603 7280285 1422
2602 7278599 1686
2601 7275445 3154
2600 7268047 7398
2599 7252957 15090
2598 7251165 1792
2597 7249475 1690
2596 7248501 974
2595 7246843 1658
2594 7244631 2212
2593 7242886 1745
2592 7234993 7893
2591 7232026 2967
2590 7228646 3380
2589 7222477 6169
2588 7218915 3562
2587 7209814 9101
2586 7207169 2645
2585 7205281 1888
2584 7195921 9360
2583 7193225 2696
2582 7191541 1684
2581 7186921 4620
2580 7185110 1811
2579 7183497 1613
2578 7182483 1014
2577 7180838 1645
2576 7176090 4748
2575 7174805 1285
2574 7172889 1916
2573 7169994 2895
2572 7167461 2533
2571 7162846 4615
2570 7159813 3033
2569 7157499 2314
2568 7150520 6979
2567 7147817 2703
2566 7144169 3648
2565 7141702 2467
2564 7136923 4779
2563 7135272 1651
2562 7127975 7297
2561 7125726 2249
2560 7124073 1653
2559 7123216 857
2558 7122290 926
2557 7119809 2481
2556 7111698 8111
2555 7106191 5507
2554 7103761 2430
2553 7101892 1869
2552 7100953 939
2551 7099770 1183
2550 7098404 1366
2549 7092956 5448
2548 7085338 7618
2547 7081163 4175
2546 7078090 3073
2545 7074092 3998
2544 7073695 397
2543 7072950 745
2542 7071549 1401
2541 7070798 751
2540 7069199 1599
2539 7067052 2147
2538 7064457 2595
2537 7061509 2948
2536 7059523 1986
2535 7058184 1339
2534 7051759 6425
2533 7036779 14980
2532 7034522 2257
2531 7030821 3701
2530 7024346 6475
2529 7017204 7142
2528 7015192 2012
2527 7013130 2062
2526 7009712 3418
2525 7000675 9037
2524 6996988 3687
2523 6992486 4502
2522 6981215 11271
2521 6980692 523
2520 6980271 421
2519 6972683 7588
2518 6969811 2872
2517 6966584 3227
2516 6964573 2011
2515 6960881 3692
2514 6960245 636
2513 6959554 691
2512 6958922 632
2511 6958591 331
2510 6958350 241
2509 6958085 265
2508 6957832 253
2507 6957178 654
2506 6956557 621
2505 6956312 245
2504 6955693 619
2503 6955356 337
2502 6954722 634
2501 6954459 263
2500 6953805 654
2499 6953189 616
2498 6952954 235
2497 6952300 654
2496 6951644 656
2495 6951321 323
2494 6950724 597
2493 6950070 654
2492 6949415 655
2491 6949128 287
2490 6948490 638
2489 6948091 399
2488 6947437 654
2487 6946821 616
2486 6946187 634
2485 6945910 277
2484 6945266 644
2483 6944612 654
2482 6944016 596
2481 6943759 257
2480 6943111 648
2479 6942475 636
2478 6941836 639
2477 6941209 627
2476 6940582 627
2475 6939969 613
2474 6939660 309
2473 6939339 321
2472 6939042 297
2471 6938751 291
2470 6938101 650
2469 6937447 654
2468 6936809 638
2467 6936552 257
2466 6935922 630
2465 6935579 343
2464 6935234 345
2463 6934580 654
2462 6933963 617
2461 6933327 636
2460 6933080 247
2459 6932426 654
2458 6931829 597
2457 6931584 245
2456 6930898 686
2455 6930268 630
2454 6929626 642
2453 6929000 626
2452 6928386 614
2451 6927754 632
2450 6927126 628
2449 6926504 622
2448 6926263 241
2447 6925609 654
2446 6925372 237
2445 6924730 642
2444 6924511 219
2443 6923884 627
2442 6923581 303
2441 6922910 671
2440 6922563 347
2439 6921930 633
2438 6921665 265
2437 6921057 608
2436 6920373 684
2435 6920012 361
2434 6919358 654
2433 6918740 618
2432 6918105 635
2431 6917858 247
2430 6917204 654
2429 6916543 661
2428 6915911 632
2427 6915269 642
2426 6914637 632
2425 6914010 627
2424 6913395 615
2423 6912762 633
2422 6912127 635
2421 6911860 267
2420 6911653 207
2419 6911406 247
2418 6911213 193
2417 6910617 596
2416 6910006 611
2415 6909679 327
2414 6909366 313
2413 6908726 640
2412 6908507 219
2411 6907886 621
2410 6907607 279
2409 6907378 229
2408 6907155 223
2407 6906778 377
2406 6906160 618
2405 6905526 634
2404 6905255 271
2403 6905000 255
2402 6904347 653
2401 6903750 597
2400 6903507 243
2399 6902871 636
2398 6902237 634
2397 6901592 645
2396 6900960 632
2395 6900335 625
2394 6899722 613
2393 6899529 193
2392 6899208 321
2391 6899015 193
2390 6898674 341
2389 6898021 653
2388 6897380 641
2387 6897161 219
2386 6896539 622
2385 6896236 303
2384 6895583 653
2383 6894927 656
2382 6894308 619
2381 6893673 635
2380 6893414 259
2379 6892772 642
2378 6892523 249
2377 6891870 653
2376 6891249 621
2375 6890996 253
2374 6890401 595
2373 6890182 219
2372 6889521 661
2371 6888889 632
2370 6888247 642
2369 6887620 627
2368 6886994 626
2367 6886377 617
2366 6885749 628
2365 6885118 631
2364 6884821 297
2363 6884186 635
2362 6883534 652
2361 6882893 641
2360 6882606 287
2359 6882359 247
2358 6881734 625
1109 2695339 14512
1108 2694356 983
1107 2688977 5379
1106 2675295 13682
1105 2670334 4961
1104 2667944 2390
1103 2666144 1800
1102 2663951 2193
1101 2661565 2386
1100 2659364 2201
1099 2656813 2551
1098 2654910 1903
1097 2653159 1751
1096 2647754 5405
1095 2645549 2205
1094 2641585 3964
1093 2639685 1900
1092 2638695 990
1091 2636559 2136
1090 2634488 2071
1089 2632766 1722
1088 2631090 1676
1087 2629127 1963
1086 2626047 3080
1085 2624720 1327
1084 2621720 3000
1083 2617052 4668
1082 2612673 4379
1081 2606171 6502
1080 2602805 3366
1079 2595596 7209
1078 2591490 4106
1077 2581038 10452
1076 2579552 1486
1075 2575636 3916
1074 2567134 8502
1073 2565715 1419
1072 2562106 3609
1071 2559487 2619
1070 2556872 2615
1069 2554474 2398
1068 2552484 1990
1067 2546163 6321
1066 2542979 3184
1065 2541866 1113
1064 2540403 1463
1063 2538321 2082
1062 2532266 6055
1061 2530158 2108
1060 2528194 1964
1059 2524774 3420
1058 2522522 2252
1057 2520744 1778
1056 2519320 1424
1055 2511488 7832
1054 2504827 6661
1053 2502288 2539
1052 2497100 5188
1051 2495751 1349
1050 2494618 1133
1049 2484418 10200
1048 2482301 2117
1047 2479132 3169
1046 2478654 478
1045 2477908 746
1044 2475744 2164
1043 2470995 4749
1042 2468279 2716
1041 2463717 4562
1040 2459021 4696
1039 2458450 571
1038 2455483 2967
1037 2448883 6600
1036 2445238 3645
1035 2443383 1855
1034 2439551 3832
1033 2425774 13777
1032 2421846 3928
1031 2416437 5409
1030 2413813 2624
1029 2411553 2260
1028 2405614 5939
1027 2389754 15860
1026 2387952 1802
1025 2385851 2101
1024 2380249 5602
1023 2378467 1782
1022 2377439 1028
1021 2372951 4488
1020 2371478 1473
1019 2367834 3644
1018 2364435 3399
1017 2360389 4046
1016 2351427 8962
1015 2348381 3046
1014 2344482 3899
1013 2340860 3622
1012 2331913 8947
1011 2328833 3080
1010 2326307 2526
1009 2320419 5888
1008 2313786 6633
1007 2311705 2081
1006 2311180 525
1005 2305291 5889
1004 2304759 532
1003 2302434 2325
1002 2300478 1956
1001 2297882 2596
1000 2295074 2808
999 2293873 1201
998 2286742 7131
997 2283694 3048
996 2278381 5313
995 2270599 7782
994 2262033 8566
993 2259135 2898
992 2254412 4723
991 2252900 1512
990 2251410 1490
989 2249600 1810
988 2246018 3582
987 2243430 2588
986 2238847 4583
985 2229387 9460
984 2228016 1371
983 2223615 4401
982 2221626 1989
981 2217951 3675
980 2212364 5587
979 2209234 3130
978 2207596 1638
977 2205514 2082
976 2195651 9863
975 2189396 6255
974 2185626 3770
973 2180305 5321
972 2176845 3460
971 2173674 3171
970 2173080 594
969 2162931 10149
968 2158098 4833
967 2156005 2093
966 2152728 3277
965 2149055 3673
964 2146430 2625
963 2144285 2145
962 2142794 1491
961 2137115 5679
960 2136237 878
959 2135481 756
958 2131595 3886
957 2131110 485
956 2123177 7933
955 2119482 3695
954 2112208 7274
953 2110369 1839
952 2099355 11014
951 2094030 5325
950 2086199 7831
949 2081061 5138
948 2080531 530
947 2080069 462
946 2079575 494
945 2079097 478
944 2078611 486
943 2078101 510
942 2077621 480
941 2077089 532
940 2076593 496
939 2076121 472
938 2075657 464
937 2075163 494
936 2074713 450
935 2074279 434
934 2073855 424
933 2071629 2226
932 2070531 1098
931 2066206 4325
930 2062489 3717
929 2060391 2098
928 2052828 7563
927 2048287 4541
926 2045822 2465
925 2039323 6499
924 2029547 9776
923 2027643 1904
922 2023644 3999
921 2021941 1703
920 2016257 5684
919 2012605 3652
918 2007986 4619
917 2004268 3718
916 1995194 9074
915 1981451 13743
914 1974851 6600
913 1972714 2137
912 1958103 14611
911 1953798 4305
910 1951888 1910
909 1949848 2040
908 1947227 2621
907 1946090 1137
906 1944403 1687
905 1940904 3499
904 1938650 2254
903 1936147 2503
902 1934066 2081
901 1931569 2497
900 1926743 4826
899 1925280 1463
898 1921300 3980
897 1920731 569
896 1919233 1498
895 1918025 1208
894 1917117 908
893 1915130 1987
892 1914159 971
891 1911902 2257
890 1910777 1125
889 1906080 4697
888 1901681 4399
887 1899168 2513
886 1898275 893
885 1896624 1651
884 1895461 1163
883 1893639 1822
882 1892349 1290
881 1888664 3685
880 1884421 4243
879 1883486 935
878 1882738 748
877 1879575 3163
876 1878745 830
875 1874540 4205
874 1873855 685
873 1870888 2967
872 1865574 5314
871 1864584 990
870 1862712 1872
869 1861265 1447
868 1854919 6346
867 1842953 11966
866 1834672 8281
865 1829799 4873
864 1824344 5455
863 1816805 7539
862 1811382 5423
861 1802180 9202
860 1800127 2053
859 1797939 2188
858 1794431 3508
857 1792052 2379
856 1788695 3357
855 1785153 3542
854 1779327 5826
853 1771619 7708
852 1768518 3101
851 1764018 4500
850 1759277 4741
849 1754489 4788
848 1751906 2583
847 1749978 1928
846 1744723 5255
845 1742116 2607
844 1738936 3180
843 1732105 6831
842 1730878 1227
841 1728447 2431
840 1725772 2675
839 1723805 1967
838 1722554 1251
837 1717026 5528
836 1715720 1306
835 1715124 596
834 1712769 2355
833 1711313 1456
832 1710172 1141
831 1708633 1539
830 1707252 1381
829 1704071 3181
828 1701270 2801
827 1699139 2131
826 1697647 1492
825 1697121 526
824 1692873 4248
823 1692424 449
822 1689727 2697
821 1683275 6452
820 1681950 1325
819 1678949 3001
818 1677291 1658
817 1670606 6685
816 1669355 1251
815 1667865 1490
814 1665293 2572
813 1663506 1787
812 1662458 1048
811 1655397 7061
810 1655081 316
809 1650313 4768
808 1649079 1234
807 1646864 2215
806 1645909 955
805 1642158 3751
804 1639188 2970
803 1637400 1788
802 1625823 11577
801 1625102 721
800 1623272 1830
799 1622207 1065
798 1621283 924
797 1620461 822
796 1618402 2059
795 1606838 11564
794 1605294 1544
793 1600796 4498
792 1598493 2303
791 1597132 1361
790 1596620 512
789 1595272 1348
788 1593229 2043
787 1591629 1600
786 1589963 1666
785 1582948 7015
784 1579074 3874
783 1571653 7421
782 1570312 1341
781 1569716 596
780 1568513 1203
779 1566009 2504
778 1564765 1244
777 1563470 1295
776 1562928 542
775 1560299 2629
774 1557165 3134
773 1555819 1346
772 1551895 3924
771 1550996 899
770 1549706 1290
769 1545123 4583
768 1544788 335
767 1543767 1021
766 1541094 2673
765 1540007 1087
764 1538508 1499
763 1536313 2195
762 1534807 1506
761 1533274 1533
760 1532907 367
759 1530300 2607
758 1527663 2637
757 1522700 4963
756 1522411 289
755 1520258 2153
754 1518427 1831
753 1514199 4228
752 1513112 1087
751 1508551 4561
750 1506767 1784
749 1505559 1208
748 1502290 3269
747 1500806 1484
746 1498834 1972
745 1495081 3753
744 1494270 811
743 1488469 5801
742 1484180 4289
741 1474044 10136
740 1471293 2751
739 1464002 7291
738 1462379 1623
737 1458275 4104
736 1454858 3417
735 1453576 1282
734 1446305 7271
733 1440528 5777
732 1438678 1850
731 1430104 8574
730 1423872 6232
729 1419741 4131
728 1415149 4592
727 1411839 3310
726 1410349 1490
725 1408185 2164
724 1403399 4786
723 1396871 6528
722 1392497 4374
721 1386963 5534
720 1384721 2242
719 1376739 7982
718 1372185 4554
717 1367284 4901
716 1363845 3439
715 1360191 3654
714 1356028 4163
713 1354961 1067
712 1350159 4802
711 1345011 5148
710 1333411 11600
709 1329931 3480
708 1325341 4590
707 1321772 3569
706 1315839 5933
705 1312329 3510
704 1309181 3148
703 1307522 1659
702 1305968 1554
701 1303601 2367
700 1299615 3986
699 1296068 3547
698 1288579 7489
697 1282339 6240
696 1276869 5470
695 1268915 7954
694 1258643 10272
693 1248953 9690
692 1238430 10523
691 1229994 8436
690 1220575 9419
689 1214017 6558
688 1211324 2693
687 1207748 3576
686 1204841 2907
685 1201229 3612
684 1197306 3923
683 1195141 2165
682 1194674 467
681 1191263 3411
680 1188378 2885
679 1184999 3379
678 1181313 3686
677 1174856 6457
676 1168061 6795
675 1159644 8417
674 1157354 2290
673 1157135 219
672 1148066 9069
671 1142515 5551
670 1140746 1769
669 1137348 3398
668 1134430 2918
667 1132839 1591
666 1129957 2882
665 1123536 6421
664 1119320 4216
663 1109788 9532
662 1106848 2940
661 1099653 7195
660 1098623 1030
659 1092286 6337
658 1087127 5159
657 1081796 5331
656 1076630 5166
655 1073026 3604
654 1070982 2044
653 1059436 11546
652 1051354 8082
651 1049249 2105
650 1045468 3781
649 1043833 1635
648 1034250 9583
647 1027831 6419
646 1021205 6626
645 1019693 1512
644 997017 22676
643 995962 1055
642 994191 1771
641 988286 5905
640 982924 5362
639 971056 11868
638 970698 358
637 970360 338
636 968210 2150
635 967212 998
634 965994 1218
633 963254 2740
632 959620 3634
631 956756 2864
630 948960 7796
629 948456 504
628 947689 767
627 942891 4798
626 941670 1221
625 938167 3503
624 934675 3492
623 928160 6515
622 913062 15098
621 912032 1030
620 908265 3767
619 904127 4138
618 902467 1660
617 901510 957
616 899860 1650
615 890104 9756
614 886608 3496
613 879083 7525
612 870909 8174
611 868028 2881
610 866187 1841
609 864484 1703
608 863077 1407
607 858095 4982
606 857875 220
605 856486 1389
604 847114 9372
603 844348 2766
602 840653 3695
601 838092 2561
600 831931 6161
599 828496 3435
598 824811 3685
597 816832 7979
596 813520 3312
595 798236 15284
594 795680 2556
593 792214 3466
592 790570 1644
591 789000 1570
590 787495 1505
589 786070 1425
588 784239 1831
587 781911 2328
586 779946 1965
585 777945 2001
584 774897 3048
583 769382 5515
582 759389 9993
581 754443 4946
580 753209 1234
579 747220 5989
578 746882 338
577 746634 248
576 746342 292
575 746118 224
574 745748 370
573 745428 320
572 745180 248
571 737461 7719
570 727420 10041
569 721592 5828
568 715079 6513
567 712995 2084
566 701287 11708
565 692072 9215
564 685855 6217
563 678970 6885
562 675870 3100
561 673357 2513
560 668111 5246
559 666783 1328
558 665676 1107
557 651069 14607
556 649754 1315
555 644433 5321
554 642729 1704
553 634414 8315
552 632630 1784
551 629613 3017
550 628031 1582
549 625639 2392
548 621443 4196
547 613301 8142
546 609472 3829
545 607431 2041
544 601653 5778
543 599727 1926
542 597204 2523
257 170491 664
256 169794 697
255 169149 645
254 168496 653
253 167805 691
252 167149 656
251 166477 672
250 165817 660
249 165158 659
248 164477 681
247 163783 694
246 163124 659
245 162471 653
244 161784 687
243 161127 657
242 160449 678
241 159755 694
240 159111 644
239 158431 680
238 157778 653
237 157112 666
236 156464 648
235 155796 668
234 155151 645
233 154512 639
232 153832 680
231 153183 649
230 152523 660
229 151868 655
228 151182 686
227 150453 729
226 149796 657
225 149081 715
224 148377 704
223 147668 709
222 146997 671
221 146336 661
220 145660 676
219 145001 659
218 144306 695
217 143656 650
216 142983 673
215 142325 658
214 141637 688
213 140989 648
212 140334 655
211 139639 695
210 138968 671
209 138310 658
208 137637 673
207 136976 661
206 136331 645
205 135643 688
204 134994 649
203 134308 686
202 133643 665
201 132988 655
200 132299 689
199 131584 715
198 130884 700
197 130189 695
196 129530 659
195 128880 650
194 128210 670
193 127558 652
192 126903 655
191 126261 642
190 125604 657
189 124951 653
188 124317 634
187 123666 651
186 123001 665
185 122350 651
184 121656 694
183 121004 652
182 120351 653
181 119693 658
180 119041 652
179 118353 688
178 117688 665
177 116981 707
176 116282 699
175 115611 671
174 114923 688
173 114690 233
172 114423 267
171 113768 655
170 113069 699
169 112395 674
168 111720 675
167 111029 691
166 110350 679
165 109663 687
164 109001 662
163 108302 699
162 107606 696
161 106931 675
160 106246 685
159 105590 656
158 104933 657
157 104288 645
156 103643 645
155 103000 643
154 102334 666
153 101648 686
152 100994 654
151 100337 657
150 99684 653
149 99035 649
148 98375 660
147 97712 663
146 96997 715
145 96286 711
144 95613 673
143 94950 663
142 94254 696
141 93570 684
140 92904 666
139 92200 704
138 91525 675
137 90858 667
136 90190 668
135 89503 687
134 88855 648
133 88216 639
132 87501 715
131 86800 701
130 86136 664
129 85467 669
128 84781 686
59 38655 666
58 37971 684
57 37307 664
56 36636 671
55 36003 633
54 35335 668
53 34647 688
52 33989 658
51 33287 702
50 32627 660
49 31979 648
48 31325 654
47 30673 652
46 30019 654
45 29353 666
44 28714 639
43 28052 662
42 27400 652
41 26728 672
40 26089 639
39 25425 664
38 24717 708
37 24041 676
36 23342 699
35 22667 675
34 21969 698
33 21268 701
32 20599 669
31 19936 663
30 19255 681
13 8029 687
12 7310 719
11 6669 641
10 6014 655
9 5382 632
8 4745 637
7 4054 691
6 3374 680
5 2672 702
4 2009 663
3 1327 682
2 668 659
1 0 668
14 8716 665
15 9381 633
16 10014 676
17 10690 629
18 11319 661
19 11980 646
20 12626 634
21 13260 654
22 13914 647
23 14561 657
24 15218 651
25 15869 669
26 16538 703
27 17241 686
28 17927 666
29 18593 662
60 39321 703
61 40024 638
62 40662 657
63 41319 689
64 42008 664
65 42672 671
66 43343 663
67 44006 666
68 44672 684
69 45356 703
70 46059 657
71 46716 687
72 47403 652
73 48055 715
74 48770 669
75 49439 644
76 50083 673
77 50756 656
78 51412 667
79 52079 655
80 52734 642
81 53376 655
82 54031 650
83 54681 667
84 55348 651
85 55999 705
86 56704 678
87 57382 659
88 58041 688
89 58729 656
90 59385 659
91 60044 664
92 60708 664
93 61372 662
94 62034 684
95 62718 665
96 63383 702
97 64085 697
98 64782 664
99 65446 640
100 66086 666
101 66752 665
102 67417 684
103 68101 672
104 68773 704
105 69477 659
106 70136 663
107 70799 657
108 71456 714
109 72170 656
110 72826 668
111 73494 668
112 74162 643
113 74805 660
114 75465 655
115 76120 659
116 76779 647
117 77426 662
118 78088 656
119 78744 660
120 79404 658
121 80062 675
122 80737 704
123 81441 629
124 82070 687
125 82757 659
126 83416 665
127 84081 700
258 171155 657
259 171812 682
260 172494 672
261 173166 650
262 173816 688
263 174504 727
264 175231 687
265 175918 659
266 176577 706
267 177283 705
268 177988 698
269 178686 714
270 179400 717
271 180117 691
272 180808 686
273 181494 687
274 182181 704
275 182885 689
276 183574 674
277 184248 639
278 184887 660
279 185547 660
280 186207 682
281 186889 661
282 187550 669
283 188219 689
284 188908 674
285 189582 634
286 190216 664
287 190880 663
288 191543 687
289 192230 669
290 192899 700
291 193599 736
292 194335 735
293 195070 726
294 195796 671
295 196467 638
296 197105 647
297 197752 651
298 198403 658
299 199061 632
300 199693 678
301 200371 626
302 200997 636
303 201633 660
304 202293 639
305 202932 675
306 203607 699
307 204306 650
308 204956 211
309 205167 673
310 205840 691
311 206531 680
312 207211 663
313 207874 687
314 208561 664
315 209225 674
316 209899 650
317 210549 678
318 211227 650
319 211877 685
320 212562 687
321 213249 652
322 213901 717
323 214618 683
324 215301 639
325 215940 664
326 216604 653
327 217257 651
328 217908 648
329 218556 626
330 219182 649
331 219831 643
332 220474 649
333 221123 652
334 221775 647
335 222422 658
336 223080 696
337 223776 660
338 224436 685
339 225121 640
340 225761 668
341 226429 654
342 227083 718
343 227801 696
344 228497 689
345 229186 695
346 229881 660
347 230541 662
348 231203 654
349 231857 677
350 232534 648
351 233182 662
352 233844 660
353 234504 688
354 235192 657
355 235849 680
356 236529 698
357 237227 695
358 237922 673
359 238595 665
360 239260 675
361 239935 660
362 240595 688
363 241283 662
364 241945 670
365 242615 655
366 243270 647
367 243917 642
368 244559 651
369 245210 635
370 245845 651
371 246496 668
372 247164 651
373 247815 647
374 248462 696
375 249158 679
376 249837 659
377 250496 695
378 251191 687
379 251878 661
380 252539 664
381 253203 665
382 253868 692
383 254560 678
384 255238 659
385 255897 687
386 256584 684
387 257268 660
388 257928 723
389 258651 674
390 259325 686
391 260011 641
392 260652 646
393 261298 638
394 261936 698
395 262634 667
396 263301 667
397 263968 677
398 264645 665
399 265310 648
400 265958 654
401 266612 649
402 267261 641
403 267902 655
404 268557 644
405 269201 664
406 269865 629
407 270494 642
408 271136 657
409 271793 653
410 272446 679
411 273125 683
412 273808 652
413 274460 666
414 275126 645
415 275771 659
416 276430 660
417 277090 638
418 277728 642
419 278370 698
420 279068 661
421 279729 659
422 280388 674
423 281062 632
424 281694 659
425 282353 688
426 283041 660
427 283701 660
428 284361 668
429 285029 652
430 285681 640
431 286321 648
432 286969 667
433 287636 670
434 288306 643
435 288949 641
436 289590 692
437 290282 669
438 290951 642
439 291593 640
440 292233 632
441 292865 674
442 293539 711
443 294250 670
444 294920 638
445 295558 645
446 296203 640
447 296843 650
448 297493 628
449 298121 635
450 298756 634
451 299390 661
452 300051 643
453 300694 659
454 301353 626
455 301979 669
456 302648 655
457 303303 2685
458 305988 2753
459 308741 1925
460 310666 2444
461 313110 7170
462 320280 1562
463 321842 1153
464 322995 1153
465 324148 1145
466 325293 1153
467 326446 1153
468 327599 1153
469 328752 1153
470 329905 796
471 330701 1128
472 331829 8088
473 339917 5554
474 345471 1328
475 346799 2012
476 348811 4763
477 353574 6793
478 360367 8194
479 368561 3924
480 372485 5498
481 377983 1252
482 379235 8864
483 388099 6024
484 394123 2068
485 396191 4463
486 400654 1950
487 402604 9312
488 411916 2408
489 414324 1276
490 415600 2929
491 418529 2163
492 420692 3020
493 423712 946
494 424658 3776
495 428434 2602
496 431036 1520
497 432556 3415
498 435971 1662
499 437633 6380
500 444013 2474
501 446487 2161
502 448648 5080
503 453728 8576
504 462304 5198
505 467502 1096
506 468598 1308
507 469906 1471
508 471377 2474
509 473851 2370
510 476221 1828
511 478049 3511
512 481560 2428
513 483988 3935
514 487923 3763
515 491686 445
516 492131 13395
517 505526 9612
518 515138 2470
519 517608 2092
520 519700 2440
521 522140 2664
522 524804 6391
523 531195 8006
524 539201 5238
525 544439 5956
526 550395 4568
527 554963 2504
528 557467 2492
529 559959 7423
530 567382 8520
531 575902 5414
532 581316 652
533 581968 2803
534 584771 3254
535 588025 1143
536 589168 1786
537 590954 1929
538 592883 645
539 593528 486
540 594014 609
541 594623 2581
1110 2709851 1861
1111 2711712 1612
1112 2713324 1102
1113 2714426 1524
1114 2715950 1771
1115 2717721 6085
1116 2723806 2995
1117 2726801 3085
1118 2729886 2393
1119 2732279 1961
1120 2734240 2857
1121 2737097 5410
1122 2742507 15399
1123 2757906 7246
1124 2765152 3362
1125 2768514 3241
1126 2771755 2547
1127 2774302 2967
1128 2777269 1349
1129 2778618 2304
1130 2780922 5280
1131 2786202 1618
1132 2787820 1303
1133 2789123 1997
1134 2791120 2610
1135 2793730 2035
1136 2795765 1502
1137 2797267 1496
1138 2798763 1401
1139 2800164 2497
1140 2802661 2434
1141 2805095 2059
1142 2807154 2529
1143 2809683 3455
1144 2813138 2481
1145 2815619 2536
1146 2818155 20285
1147 2838440 8416
1148 2846856 4389
1149 2851245 4493
1150 2855738 4162
1151 2859900 1552
1152 2861452 4504
1153 2865956 1382
1154 2867338 1200
1155 2868538 1498
1156 2870036 7446
1157 2877482 2198
1158 2879680 18045
1159 2897725 8898
1160 2906623 5695
1161 2912318 4043
1162 2916361 3580
1163 2919941 2072
1164 2922013 16392
1165 2938405 4479
1166 2942884 1172
1167 2944056 1946
1168 2946002 1372
1169 2947374 8195
1170 2955569 5191
1171 2960760 6863
1172 2967623 1948
1173 2969571 8224
1174 2977795 7581
1175 2985376 8525
1176 2993901 4997
1177 2998898 6764
1178 3005662 15111
1179 3020773 7561
1180 3028334 5101
1181 3033435 1389
1182 3034824 1590
1183 3036414 2172
1184 3038586 1366
1185 3039952 837
1186 3040789 6391
1187 3047180 2152
1188 3049332 8317
1189 3057649 4243
1190 3061892 1896
1191 3063788 5257
1192 3069045 5489
1193 3074534 9136
1194 3083670 4712
1195 3088382 9545
1196 3097927 3792
1197 3101719 1093
1198 3102812 1445
1199 3104257 1378
1200 3105635 9099
1201 3114734 316
1202 3115050 1748
1203 3116798 788
1204 3117586 1475
1205 3119061 12573
1206 3131634 8053
1207 3139687 4098
1208 3143785 5020
1209 3148805 4483
1210 3153288 8960
1211 3162248 2237
1212 3164485 5384
1213 3169869 2945
1214 3172814 3130
1215 3175944 1701
1216 3177645 8111
1217 3185756 3709
1218 3189465 14191
1219 3203656 3302
1220 3206958 3896
1221 3210854 4332
1222 3215186 11612
1223 3226798 949
1224 3227747 8023
1225 3235770 6285
1226 3242055 801
1227 3242856 5701
1228 3248557 15719
1229 3264276 935
1230 3265211 6084
1231 3271295 696
1232 3271991 5280
1233 3277271 8081
1234 3285352 1460
1235 3286812 4382
1236 3291194 720
1237 3291914 8932
1238 3300846 1379
1239 3302225 3144
1240 3305369 5177
1241 3310546 5568
1242 3316114 4702
1243 3320816 5539
1244 3326355 1881
1245 3328236 3885
1246 3332121 6083
1247 3338204 2466
1248 3340670 4438
1249 3345108 975
1250 3346083 792
1251 3346875 4176
1252 3351051 2673
1253 3353724 2962
1254 3356686 1256
1255 3357942 1949
1256 3359891 2322
1257 3362213 2740
1258 3364953 2308
1259 3367261 1295
1260 3368556 4703
1261 3373259 4584
1262 3377843 3581
1263 3381424 3134
1264 3384558 4108
1265 3388666 4507
1266 3393173 2777
1267 3395950 3825
1268 3399775 2312
1269 3402087 1743
1270 3403830 2301
1271 3406131 20502
1272 3426633 3314
1273 3429947 4086
1274 3434033 1921
1275 3435954 8736
1276 3444690 2680
1277 3447370 5319
1278 3452689 5351
1279 3458040 3691
1280 3461731 4172
1281 3465903 5934
1282 3471837 3031
1283 3474868 5464
1284 3480332 1740
1285 3482072 2623
1286 3484695 5034
1287 3489729 4791
1288 3494520 3314
1289 3497834 5422
1290 3503256 5493
1291 3508749 4280
1292 3513029 2540
1293 3515569 4414
1294 3519983 7402
1295 3527385 4733
1296 3532118 199
1297 3532317 904
1298 3533221 795
1299 3534016 2236
1300 3536252 1781
1301 3538033 939
1302 3538972 1841
1303 3540813 12139
1304 3552952 4437
1305 3557389 9983
1306 3567372 1118
1307 3568490 3382
1308 3571872 1404
1309 3573276 3518
1310 3576794 5368
1311 3582162 4668
1312 3586830 5543
1313 3592373 2581
1314 3594954 1549
1315 3596503 3321
1316 3599824 1883
1317 3601707 3278
1318 3604985 5114
1319 3610099 2133
1320 3612232 5833
1321 3618065 2303
1322 3620368 4218
1323 3624586 4919
1324 3629505 6719
1325 3636224 8225
1326 3644449 3721
1327 3648170 5026
1328 3653196 3506
1329 3656702 1894
1330 3658596 997
1331 3659593 1416
1332 3661009 1175
1333 3662184 2104
1334 3664288 1304
1335 3665592 1743
1336 3667335 1813
1337 3669148 2187
1338 3671335 1809
1339 3673144 7672
1340 3680816 18360
1341 3699176 3884
1342 3703060 4416
1343 3707476 3351
1344 3710827 3554
1345 3714381 10518
1346 3724899 4070
1347 3728969 1224
1348 3730193 899
1349 3731092 1511
1350 3732603 972
1351 3733575 1980
1352 3735555 4469
1353 3740024 1637
1354 3741661 6249
1355 3747910 7705
1356 3755615 2000
1357 3757615 4010
1358 3761625 2680
1359 3764305 4778
1360 3769083 8855
1361 3777938 4984
1362 3782922 7982
1363 3790904 4792
1364 3795696 10046
1365 3805742 2219
1366 3807961 1624
1367 3809585 2108
1368 3811693 1883
1369 3813576 2444
1370 3816020 2902
1371 3818922 2590
1372 3821512 13309
1373 3834821 2497
1374 3837318 2268
1375 3839586 2522
1376 3842108 3094
1377 3845202 10168
1378 3855370 4728
1379 3860098 7008
1380 3867106 3668
1381 3870774 3435
1382 3874209 2855
1383 3877064 5886
1384 3882950 3092
1385 3886042 5867
1386 3891909 4781
1387 3896690 13743
1388 3910433 3839
1389 3914272 2978
1390 3917250 1632
1391 3918882 8117
1392 3926999 5700
1393 3932699 12511
1394 3945210 3824
1395 3949034 2213
1396 3951247 5476
1397 3956723 5858
1398 3962581 7936
1399 3970517 10151
1400 3980668 3611
1401 3984279 3397
1402 3987676 2193
1403 3989869 3792
1404 3993661 2039
1405 3995700 1492
1406 3997192 7387
1407 4004579 1029
1408 4005608 953
1409 4006561 1686
1410 4008247 3287
1411 4011534 1834
1412 4013368 4070
1413 4017438 2179
1414 4019617 4036
1415 4023653 1406
1416 4025059 4929
1417 4029988 2611
1418 4032599 1762
1419 4034361 1985
1420 4036346 1494
1421 4037840 7407
1422 4045247 1300
1423 4046547 1078
1424 4047625 9080
1425 4056705 11269
1426 4067974 9254
1427 4077228 16009
1428 4093237 8756
1429 4101993 8448
1430 4110441 7383
1431 4117824 11294
1432 4129118 19507
1433 4148625 13557
1434 4162182 5485
1435 4167667 493
1436 4168160 833
1437 4168993 3197
1438 4172190 7343
1439 4179533 540
1440 4180073 1538
1441 4181611 3460
1442 4185071 2104
1443 4187175 9170
1444 4196345 8024
1445 4204369 8567
1446 4212936 4692
1447 4217628 2690
1448 4220318 4084
1449 4224402 5081
1450 4229483 7153
1451 4236636 3408
1452 4240044 2835
1453 4242879 680
1454 4243559 1053
1455 4244612 1641
1456 4246253 6679
1457 4252932 1349
1458 4254281 11452
1459 4265733 6349
1460 4272082 4440
1461 4276522 25807
1462 4302329 3751
1463 4306080 5144
1464 4311224 8407
1465 4319631 9774
1466 4329405 4634
1467 4334039 6374
1468 4340413 9600
1469 4350013 12848
1470 4362861 4693
1471 4367554 10961
1472 4378515 6275
1473 4384790 5112
1474 4389902 1758
1475 4391660 3817
1476 4395477 4768
1477 4400245 3711
1478 4403956 10719
1479 4414675 9917
1480 4424592 6851
1481 4431443 6112
1482 4437555 6590
1483 4444145 5808
1484 4449953 4101
1485 4454054 3910
1486 4457964 3506
1487 4461470 3845
1488 4465315 3335
1489 4468650 12279
1490 4480929 12846
1491 4493775 4232
1492 4498007 2864
1493 4500871 5575
1494 4506446 15921
1495 4522367 4296
1496 4526663 720
1497 4527383 1205
1498 4528588 4413
1499 4533001 4387
1500 4537388 2092
1501 4539480 13041
1502 4552521 6710
1503 4559231 8837
1504 4568068 7750
1505 4575818 10701
1506 4586519 281
1507 4586800 7008
1508 4593808 8951
1509 4602759 2345
1510 4605104 8167
1511 4613271 8299
1512 4621570 3900
1513 4625470 5760
1514 4631230 10271
1515 4641501 2550
1516 4644051 13747
1517 4657798 4690
1518 4662488 532
1519 4663020 1536
1520 4664556 3091
1521 4667647 3762
1522 4671409 1657
1523 4673066 2707
1524 4675773 2688
1525 4678461 520
1526 4678981 4156
1527 4683137 6078
1528 4689215 1744
1529 4690959 3599
1530 4694558 2461
1531 4697019 5786
1532 4702805 4945
1533 4707750 913
1534 4708663 1279
1535 4709942 2039
1536 4711981 4071
1537 4716052 3500
1538 4719552 612
1539 4720164 4065
1540 4724229 2916
1541 4727145 2859
1542 4730004 3511
1543 4733515 5618
1544 4739133 4653
1545 4743786 5100
1546 4748886 2713
1547 4751599 9174
1548 4760773 9412
1549 4770185 5554
1550 4775739 2029
1551 4777768 7361
1552 4785129 2614
1553 4787743 8372
1554 4796115 1314
1555 4797429 1890
1556 4799319 3094
1557 4802413 4566
1558 4806979 2031
1559 4809010 1207
1560 4810217 1227
1561 4811444 5295
1562 4816739 2789
1563 4819528 4022
1564 4823550 1144
1565 4824694 2030
1566 4826724 2152
1567 4828876 1345
1568 4830221 2900
1569 4833121 1592
1570 4834713 745
1571 4835458 540
1572 4835998 869
1573 4836867 680
1574 4837547 541
1575 4838088 579
1576 4838667 1349
1577 4840016 3532
1578 4843548 3747
1579 4847295 520
1580 4847815 2093
1581 4849908 1346
1582 4851254 3404
1583 4854658 3276
1584 4857934 5332
1585 4863266 3018
1586 4866284 3819
1587 4870103 3298
1588 4873401 3047
1589 4876448 1943
1590 4878391 3206
1591 4881597 286
1592 4881883 1950
1593 4883833 3817
1594 4887650 3630
1595 4891280 11160
1596 4902440 10083
1597 4912523 3832
1598 4916355 3456
1599 4919811 4226
1600 4924037 1525
1601 4925562 1466
1602 4927028 2361
1603 4929389 1958
1604 4931347 3110
1605 4934457 2769
1606 4937226 2396
1607 4939622 5675
1608 4945297 2559
1609 4947856 8589
1610 4956445 7412
1611 4963857 2426
1612 4966283 1470
1613 4967753 1650
1614 4969403 2683
1615 4972086 2591
1616 4974677 2262
1617 4976939 3073
1618 4980012 2079
1619 4982091 2997
1620 4985088 6965
1621 4992053 6371
1622 4998424 6903
1623 5005327 6782
1624 5012109 3954
1625 5016063 8135
1626 5024198 7796
1627 5031994 3126
1628 5035120 1809
1629 5036929 2993
1630 5039922 1625
1631 5041547 3035
1632 5044582 3446
1633 5048028 1870
1634 5049898 1537
1635 5051435 4781
1636 5056216 1754
1637 5057970 1528
1638 5059498 2474
1639 5061972 3625
1640 5065597 2073
1641 5067670 1468
1642 5069138 2821
1643 5071959 7827
1644 5079786 3342
1645 5083128 3635
1646 5086763 8884
1647 5095647 3743
1648 5099390 2834
1649 5102224 2211
1650 5104435 3577
1651 5108012 3504
1652 5111516 2080
1653 5113596 1609
1654 5115205 1803
1655 5117008 6369
1656 5123377 3208
1657 5126585 2244
1658 5128829 1869
1659 5130698 3431
1660 5134129 5513
1661 5139642 2014
1662 5141656 4159
1663 5145815 2723
1664 5148538 3766
1665 5152304 1755
1666 5154059 1546
1667 5155605 1555
1668 5157160 1627
1669 5158787 3657
1670 5162444 2742
1671 5165186 3969
1672 5169155 2388
1673 5171543 2402
1674 5173945 2596
1675 5176541 2379
1676 5178920 2541
1677 5181461 23260
1678 5204721 3221
1679 5207942 3623
1680 5211565 6325
1681 5217890 3094
1682 5220984 3302
1683 5224286 3415
1684 5227701 5242
1685 5232943 1617
1686 5234560 2594
1687 5237154 3424
1688 5240578 2455
1689 5243033 1083
1690 5244116 2366
1691 5246482 5086
1692 5251568 4230
1693 5255798 3021
1694 5258819 3780
1695 5262599 2642
1696 5265241 5423
1697 5270664 2530
1698 5273194 3792
1699 5276986 1102
1700 5278088 5317
1701 5283405 1445
1702 5284850 1217
1703 5286067 2047
1704 5288114 7446
1705 5295560 3332
1706 5298892 2540
1707 5301432 1600
1708 5303032 3088
1709 5306120 1189
1710 5307309 594
1711 5307903 1580
1712 5309483 1651
1713 5311134 1577
1714 5312711 8831
1715 5321542 7794
1716 5329336 4446
1717 5333782 2937
1718 5336719 620
1719 5337339 7702
1720 5345041 4060
1721 5349101 12567
1722 5361668 4941
1723 5366609 2540
1724 5369149 3916
1725 5373065 6326
1726 5379391 2637
1727 5382028 316
1728 5382344 2366
1729 5384710 3873
1730 5388583 2835
1731 5391418 13578
1732 5404996 7949
1733 5412945 1926
1734 5414871 2797
1735 5417668 1948
1736 5419616 1866
1737 5421482 3488
1738 5424970 2233
1739 5427203 3075
1740 5430278 2008
1741 5432286 1846
1742 5434132 2208
1743 5436340 2954
1744 5439294 2874
1745 5442168 1947
1746 5444115 2621
1747 5446736 3338
1748 5450074 2185
1749 5452259 1928
1750 5454187 1791
1751 5455978 2103
1752 5458081 4519
1753 5462600 3915
1754 5466515 3817
1755 5470332 3024
1756 5473356 2469
1757 5475825 2584
1758 5478409 2349
1759 5480758 2390
1760 5483148 331
1761 5483479 5882
1762 5489361 9971
1763 5499332 2825
1764 5502157 977
1765 5503134 4441
1766 5507575 7189
1767 5514764 316
1768 5515080 3216
1769 5518296 2689
1770 5520985 2396
1771 5523381 2615
1772 5525996 3586
1773 5529582 4371
1774 5533953 2628
1775 5536581 5009
1776 5541590 2767
1777 5544357 8245
1778 5552602 2770
1779 5555372 6305
1780 5561677 2464
1781 5564141 1237
1782 5565378 17858
1783 5583236 9891
1784 5593127 2978
1785 5596105 3261
1786 5599366 5905
1787 5605271 3500
1788 5608771 1959
1789 5610730 3097
1790 5613827 4512
1791 5618339 4393
1792 5622732 3737
1793 5626469 3009
1794 5629478 24593
1795 5654071 11350
1796 5665421 16342
1797 5681763 30745
1798 5712508 3803
1799 5716311 4329
1800 5720640 5473
1801 5726113 3029
1802 5729142 2761
1803 5731903 3754
1804 5735657 2136
1805 5737793 4020
1806 5741813 13151
1807 5754964 2527
1808 5757491 1931
1809 5759422 3635
1810 5763057 3878
1811 5766935 3888
1812 5770823 1909
1813 5772732 5451
1814 5778183 6889
1815 5785072 2521
1816 5787593 4595
1817 5792188 6989
1818 5799177 1516
1819 5800693 2497
1820 5803190 2686
1821 5805876 827
1822 5806703 5374
1823 5812077 282
1824 5812359 851
1825 5813210 3590
1826 5816800 5939
1827 5822739 1251
1828 5823990 1398
1829 5825388 3700
1830 5829088 4596
1831 5833684 2400
1832 5836084 2216
1833 5838300 4074
1834 5842374 2951
1835 5845325 1153
1836 5846478 1797
1837 5848275 2016
1838 5850291 3140
1839 5853431 7157
1840 5860588 8626
1841 5869214 3980
1842 5873194 4011
1843 5877205 4641
1844 5881846 3917
1845 5885763 4644
1846 5890407 1171
1847 5891578 4230
1848 5895808 2722
1849 5898530 1730
1850 5900260 4054
1851 5904314 3890
1852 5908204 2904
1853 5911108 1304
1854 5912412 3180
1855 5915592 7705
1856 5923297 19088
1857 5942385 2211
1858 5944596 3799
1859 5948395 1661
1860 5950056 4267
1861 5954323 8868
1862 5963191 3158
1863 5966349 251
1864 5966600 8725
1865 5975325 5782
1866 5981107 2181
1867 5983288 4989
1868 5988277 1228
1869 5989505 3878
1870 5993383 1679
1871 5995062 3454
1872 5998516 2820
1873 6001336 6307
1874 6007643 1821
1875 6009464 6769
1876 6016233 3688
1877 6019921 10449
1878 6030370 4577
1879 6034947 3539
1880 6038486 6467
1881 6044953 9653
1882 6054606 2792
1883 6057398 2415
1884 6059813 4574
1885 6064387 8728
1886 6073115 1600
1887 6074715 4830
1888 6079545 1040
1889 6080585 1096
1890 6081681 6700
1891 6088381 2171
1892 6090552 1942
1893 6092494 6217
1894 6098711 3638
1895 6102349 641
1896 6102990 1847
1897 6104837 3091
1898 6107928 1268
1899 6109196 2311
1900 6111507 1123
1901 6112630 3490
1902 6116120 4122
1903 6120242 4338
1904 6124580 6298
1905 6130878 3765
1906 6134643 722
1907 6135365 4287
1908 6139652 4091
1909 6143743 547
1910 6144290 1009
1911 6145299 1594
1912 6146893 3665
1913 6150558 3599
1914 6154157 4814
1915 6158971 2708
1916 6161679 2089
1917 6163768 3141
1918 6166909 812
1919 6167721 7192
1920 6174913 957
1921 6175870 3158
1922 6179028 2395
1923 6181423 2684
1924 6184107 3416
1925 6187523 2560
1926 6190083 4081
1927 6194164 2052
1928 6196216 1872
1929 6198088 4446
1930 6202534 1433
1931 6203967 4435
1932 6208402 3892
1933 6212294 5691
1934 6217985 4541
1935 6222526 1811
1936 6224337 1280
1937 6225617 2859
1938 6228476 6454
1939 6234930 2549
1940 6237479 3458
1941 6240937 2723
1942 6243660 2287
1943 6245947 774
1944 6246721 9126
1945 6255847 2215
1946 6258062 2531
1947 6260593 2401
1948 6262994 2380
1949 6265374 1357
1950 6266731 1146
1951 6267877 2956
1952 6270833 10182
1953 6281015 1287
1954 6282302 3979
1955 6286281 1135
1956 6287416 467
1957 6287883 10806
1958 6298689 1846
1959 6300535 3374
1960 6303909 3353
1961 6307262 3593
1962 6310855 9703
1963 6320558 2195
1964 6322753 1122
1965 6323875 791
1966 6324666 1065
1967 6325731 1843
1968 6327574 8532
1969 6336106 3466
1970 6339572 6356
1971 6345928 4825
1972 6350753 5621
1973 6356374 1717
1974 6358091 5371
1975 6363462 1702
1976 6365164 1721
1977 6366885 6813
1978 6373698 2795
1979 6376493 1507
1980 6378000 2077
1981 6380077 2591
1982 6382668 2588
1983 6385256 3791
1984 6389047 6366
1985 6395413 3594
1986 6399007 6871
1987 6405878 10193
1988 6416071 2189
1989 6418260 3686
1990 6421946 2347
1991 6424293 3719
1992 6428012 2958
1993 6430970 3785
1994 6434755 1633
1995 6436388 10150
1996 6446538 2155
1997 6448693 4998
1998 6453691 2431
1999 6456122 1525
2000 6457647 7969
2001 6465616 6806
2002 6472422 4464
2003 6476886 9629
2004 6486515 6424
2005 6492939 5749
2006 6498688 2889
2007 6501577 5694
2008 6507271 10462
2009 6517733 4327
2010 6522060 6177
2011 6528237 4651
2012 6532888 2288
2013 6535176 3443
2014 6538619 8918
2015 6547537 1819
2016 6549356 5754
2017 6555110 4061
2018 6559171 4066
2019 6563237 2624
2020 6565861 380
2021 6566241 1869
2022 6568110 7416
2023 6575526 4462
2024 6579988 2442
2025 6582430 1756
2026 6584186 3100
2027 6587286 3539
2028 6590825 2805
2029 6593630 5252
2030 6598882 1189
2031 6600071 1175
2032 6601246 3127
2033 6604373 7634
2034 6612007 7667
2035 6619674 1202
2036 6620876 6049
2037 6626925 1705
2038 6628630 2342
2039 6630972 4851
2040 6635823 1736
2041 6637559 3370
2042 6640929 1940
2043 6642869 1184
2044 6644053 2654
2045 6646707 683
2046 6647390 2813
2047 6650203 5223
2048 6655426 249
2049 6655675 1669
2050 6657344 2847
2051 6660191 4175
2052 6664366 1264
2053 6665630 1124
2054 6666754 1631
2055 6668385 1195
2056 6669580 1675
2057 6671255 837
2058 6672092 878
2059 6672970 3840
2060 6676810 843
2061 6677653 3127
2062 6680780 7858
2063 6688638 2560
2064 6691198 1519
2065 6692717 3174
2066 6695891 1171
2067 6697062 2712
2068 6699774 2364
2069 6702138 1359
2070 6703497 1042
2071 6704539 3685
2072 6708224 3085
2073 6711309 1477
2074 6712786 8366
2075 6721152 1476
2076 6722628 2069
2077 6724697 969
2078 6725666 1679
2079 6727345 1638
2080 6728983 927
2081 6729910 2440
2082 6732350 9659
2083 6742009 3972
2084 6745981 293
2085 6746274 217
2086 6746491 273
2087 6746764 217
2088 6746981 617
2089 6747598 651
2090 6748249 624
2091 6748873 669
2092 6749542 651
2093 6750193 627
2094 6750820 243
2095 6751063 597
2096 6751660 620
2097 6752280 325
2098 6752605 217
2099 6752822 654
2100 6753476 205
2101 6753681 664
2102 6754345 634
2103 6754979 629
2104 6755608 632
2105 6756240 632
2106 6756872 632
2107 6757504 629
2108 6758133 623
2109 6758756 634
2110 6759390 638
2111 6760028 247
2112 6760275 650
2113 6760925 633
2114 6761558 620
2115 6762178 223
2116 6762401 626
2117 6763027 303
2118 6763330 679
2119 6764009 305
2120 6764314 622
2121 6764936 365
2122 6765301 247
2123 6765548 667
2124 6766215 652
2125 6766867 568
2126 6767435 297
2127 6767732 632
2128 6768364 630
2129 6768994 651
2130 6769645 624
2131 6770269 672
2132 6770941 629
2133 6771570 625
2134 6772195 305
2135 6772500 550
2136 6773050 620
2137 6773670 285
2138 6773955 650
2139 6774605 635
2140 6775240 620
2141 6775860 315
2142 6776175 621
2143 6776796 221
2144 6777017 668
2145 6777685 620
2146 6778305 221
2147 6778526 257
2148 6778783 243
2149 6779026 626
2150 6779652 654
2151 6780306 624
2152 6780930 667
2153 6781597 663
2154 6782260 630
2155 6782890 307
2156 6783197 620
2157 6783817 263
2158 6784080 289
2159 6784369 306
2160 6784675 245
2161 6784920 650
2162 6785570 633
2163 6786203 282
2164 6786485 283
2165 6786768 305
2166 6787073 661
2167 6787734 217
2168 6787951 375
2169 6788326 620
2170 6788946 261
2171 6789207 628
2172 6789835 347
2173 6790182 655
2174 6790837 629
2175 6791466 635
2176 6792101 630
2177 6792731 634
2178 6793365 239
2179 6793604 654
2180 6794258 301
2181 6794559 265
2182 6794824 653
2183 6795477 632
2184 6796109 654
2185 6796763 285
2186 6797048 650
2187 6797698 249
2188 6797947 628
2189 6798575 257
2190 6798832 625
2191 6799457 654
2192 6800111 630
2193 6800741 273
2194 6801014 627
2195 6801641 616
2196 6802257 620
2197 6802877 623
2198 6803500 631
2199 6804131 639
2200 6804770 631
2201 6805401 654
2202 6806055 247
2203 6806302 596
2204 6806898 652
2205 6807550 261
2206 6807811 637
2207 6808448 619
2208 6809067 633
2209 6809700 654
2210 6810354 631
2211 6810985 633
2212 6811618 630
2213 6812248 305
2214 6812553 630
2215 6813183 661
2216 6813844 217
2217 6814061 639
2218 6814700 654
2219 6815354 662
2220 6816016 662
2221 6816678 219
2222 6816897 620
2223 6817517 295
2224 6817812 243
2225 6818055 255
2226 6818310 243
2227 6818553 613
2228 6819166 624
2229 6819790 631
2230 6820421 639
2231 6821060 632
2232 6821692 635
2233 6822327 245
2234 6822572 596
2235 6823168 654
2236 6823822 219
2237 6824041 623
2238 6824664 249
2239 6824913 634
2240 6825547 620
2241 6826167 654
2242 6826821 305
2243 6827126 627
2244 6827753 241
2245 6827994 637
2246 6828631 654
2247 6829285 295
2248 6829580 243
2249 6829823 205
2250 6830028 243
2251 6830271 614
2252 6830885 624
2253 6831509 632
2254 6832141 641
2255 6832782 633
2256 6833415 630
2257 6834045 245
2258 6834290 598
2259 6834888 652
2260 6835540 291
2261 6835831 636
2262 6836467 618
2263 6837085 654
2264 6837739 429
2265 6838168 628
2266 6838796 219
2267 6839015 637
2268 6839652 299
2269 6839951 702
2270 6840653 205
2271 6840858 639
2272 6841497 653
2273 6842150 249
2274 6842399 285
2275 6842684 249
2276 6842933 273
2277 6843206 249
2278 6843455 237
2279 6843692 249
2280 6843941 243
2281 6844184 273
2282 6844457 261
2283 6844718 615
2284 6845333 243
2285 6845576 595
2286 6846171 303
2287 6846474 631
2288 6847105 631
2289 6847736 617
2290 6848353 625
2291 6848978 632
2292 6849610 639
2293 6850249 632
2294 6850881 628
2295 6851509 239
2296 6851748 635
2297 6852383 620
2298 6853003 653
2299 6853656 653
2300 6854309 303
2301 6854612 625
2302 6855237 625
2303 6855862 259
2304 6856121 247
2305 6856368 207
2306 6856575 641
2307 6857216 653
2308 6857869 261
2309 6858130 205
2310 6858335 243
2311 6858578 293
2312 6858871 615
2313 6859486 628
2314 6860114 632
2315 6860746 641
2316 6861387 632
2317 6862019 629
2318 6862648 231
2319 6862879 595
2320 6863474 653
2321 6864127 271
2322 6864398 635
2323 6865033 616
2324 6865649 653
2325 6866302 323
2326 6866625 624
2327 6867249 285
2328 6867534 633
2329 6868167 219
2330 6868386 641
2331 6869027 215
2332 6869242 623
2333 6869865 257
2334 6870122 229
2335 6870351 193
2336 6870544 615
2337 6871159 626
2338 6871785 632
2339 6872417 643
2340 6873060 633
2341 6873693 630
2342 6874323 653
2343 6874976 243
2344 6875219 595
2345 6875814 687
2346 6876501 307
2347 6876808 283
2348 6877091 634
2349 6877725 620
2350 6878345 265
2351 6878610 247
2352 6878857 653
2353 6879510 242
2354 6879752 676
2355 6880428 299
2356 6880727 668
2357 6881395 339
