1 0 704
2 704 695
3 1399 718
4 2117 699
5 2816 738
6 3554 716
7 4270 727
8 4997 673
9 5670 668
10 6338 692
11 7030 677
12 7707 755
13 8462 723
14 9185 701
15 9886 669
16 10555 712
17 11267 665
18 11932 697
19 12629 682
20 13311 670
21 13981 690
22 14671 683
23 15354 693
24 16047 687
25 16734 705
26 17439 739
27 18178 689
28 18867 722
29 19589 702
30 20291 698
31 20989 717
32 21706 699
33 22405 705
34 23110 737
35 23847 692
36 24539 725
37 25264 734
38 25998 711
39 26709 735
40 27444 696
41 28140 712
42 28852 744
43 29596 724
44 30320 700
45 31020 675
46 31695 708
47 32403 688
48 33091 698
49 33789 675
50 34464 702
51 35166 690
52 35856 688
53 36544 690
54 37234 684
55 37918 696
56 38614 738
57 39352 694
58 40046 724
59 40770 704
60 41474 669
61 42143 707
62 42850 700
63 43550 720
64 44270 702
65 44972 739
66 45711 674
67 46385 693
68 47078 725
69 47803 700
70 48503 707
71 49210 699
72 49909 702
73 50611 720
74 51331 739
75 52070 693
76 52763 723
77 53486 688
78 54174 751
79 54925 705
80 55630 680
81 56310 709
82 57019 692
83 57711 703
84 58414 691
85 59105 678
86 59783 691
87 60474 686
88 61160 703
89 61863 687
90 62550 741
91 63291 714
92 64005 695
93 64700 724
94 65424 692
95 66116 695
96 66811 700
97 67511 700
98 68211 698
99 68909 720
100 69629 702
101 70331 739
102 71070 695
103 71765 726
104 72491 734
105 73225 701
106 73926 677
107 74603 703
108 75306 701
109 76007 720
110 76727 708
111 77435 740
112 78175 695
113 78870 699
114 79569 693
115 80262 750
116 81012 725
117 81737 692
118 82429 704
119 83133 704
120 83837 679
121 84516 696
122 85212 691
123 85903 695
124 86598 683
125 87281 698
126 87979 692
127 88671 696
128 89367 694
129 90061 711
130 90772 740
131 91512 665
132 92177 723
133 92900 695
134 93595 725
135 94320 701
136 95021 736
137 95757 722
138 96479 705
139 97184 700
140 97884 737
141 98621 695
142 99316 751
143 100067 675
144 100742 684
145 101426 723
146 102149 704
147 102853 703
148 103556 711
149 104267 740
150 105007 702
151 105709 720
152 106429 732
153 107161 699
154 107860 709
155 108569 696
156 109265 747
157 110012 751
158 110763 699
159 111462 725
160 112187 696
161 112883 685
162 113568 689
163 114257 693
164 114950 690
165 115640 722
166 116362 702
167 117064 679
168 117743 681
169 118424 681
170 119105 693
171 119798 692
172 120490 721
173 121211 711
174 121922 732
175 122654 694
176 123348 735
177 124083 724
178 124807 698
179 125505 723
180 126228 715
181 126943 727
182 127670 711
183 128381 710
184 129091 735
185 129826 691
186 130517 303
187 130820 269
188 131089 724
189 131813 707
190 132520 735
191 133255 743
192 133998 696
193 134694 701
194 135395 724
195 136119 688
196 136807 694
197 137501 689
198 138190 688
199 138878 730
200 139608 687
201 140295 701
202 140996 687
203 141683 670
204 142353 689
205 143042 693
206 143735 678
207 144413 691
208 145104 688
209 145792 706
210 146498 686
211 147184 695
212 147879 731
213 148610 736
214 149346 751
215 150097 725
216 150822 691
217 151513 701
218 152214 722
219 152936 685
220 153621 724
221 154345 681
222 155026 697
223 155723 709
224 156432 694
225 157126 707
226 157833 731
227 158564 691
228 159255 684
229 159939 724
230 160663 694
231 161357 709
232 162066 686
233 162752 731
234 163483 695
235 164178 712
236 164890 697
237 165587 707
238 166294 745
239 167039 740
240 167779 751
241 168530 693
242 169223 765
243 169988 722
244 170710 691
245 171401 696
246 172097 685
247 172782 716
248 173498 675
249 174173 681
250 174854 704
251 175558 684
252 176242 702
253 176944 689
254 177633 716
255 178349 680
256 179029 730
257 179759 714
258 180473 693
259 181166 723
260 181889 689
261 182578 695
262 183273 730
263 184003 717
264 184720 695
265 185415 696
266 186111 708
267 186819 692
268 187511 723
269 188234 727
270 188961 689
271 189650 681
272 190331 733
273 191064 700
274 191764 693
275 192457 718
276 193175 708
277 193883 686
278 194569 724
279 195293 763
280 196056 723
281 196779 695
282 197474 742
283 198216 741
284 198957 734
285 199691 750
286 200441 753
287 201194 727
288 201921 722
289 202643 723
290 203366 740
291 204106 725
292 204831 710
293 205541 733
294 206274 675
295 206949 686
296 207635 723
297 208358 696
298 209054 733
299 209787 696
300 210483 718
301 211201 697
302 211898 705
303 212603 684
304 213287 725
305 214012 710
306 214722 670
307 215392 734
308 216126 700
309 216826 699
310 217525 723
311 218248 705
312 218953 736
313 219689 687
314 220376 772
315 221148 771
316 221919 762
317 222681 723
318 223404 707
319 224111 674
320 224785 683
321 225468 687
322 226155 694
323 226849 668
324 227517 714
325 228231 662
326 228893 672
327 229565 696
328 230261 675
329 230936 711
330 231647 735
331 232382 686
332 233068 723
333 233791 247
334 234038 709
335 234747 727
336 235474 733
337 236207 716
338 236923 699
339 237622 723
340 238345 700
341 239045 710
342 239755 686
343 240441 714
344 241155 725
345 241880 734
346 242614 686
347 243300 721
348 244021 723
349 244744 688
350 245432 753
351 246185 719
352 246904 675
353 247579 700
354 248279 689
355 248968 687
356 249655 684
357 250339 662
358 251001 685
359 251686 679
360 252365 685
361 253050 688
362 253738 683
363 254421 694
364 255115 732
365 255847 696
366 256543 721
367 257264 676
368 257940 704
369 258644 690
370 259334 754
371 260088 732
372 260820 725
373 261545 731
374 262276 696
375 262972 698
376 263670 690
377 264360 713
378 265073 684
379 265757 698
380 266455 696
381 267151 724
382 267875 693
383 268568 716
384 269284 734
385 270018 731
386 270749 709
387 271458 701
388 272159 711
389 272870 696
390 273566 724
391 274290 698
392 274988 706
393 275694 691
394 276385 683
395 277068 678
396 277746 687
397 278433 671
398 279104 687
399 279791 704
400 280495 687
401 281182 683
402 281865 732
403 282597 715
404 283312 695
405 284007 731
406 284738 723
407 285461 697
408 286158 733
409 286891 700
410 287591 701
411 288292 728
412 289020 714
413 289734 695
414 290429 723
415 291152 720
416 291872 696
417 292568 759
418 293327 710
419 294037 722
420 294759 677
421 295436 682
422 296118 674
423 296792 734
424 297526 728
425 298254 703
426 298957 703
427 299660 713
428 300373 695
429 301068 724
430 301792 701
431 302493 684
432 303177 690
433 303867 685
434 304552 677
435 305229 691
436 305920 680
437 306600 700
438 307300 665
439 307965 678
440 308643 693
441 309336 689
442 310025 734
443 310759 715
444 311474 719
445 312193 688
446 312881 702
447 313583 724
448 314307 681
449 314988 695
450 315683 696
451 316379 674
452 317053 678
453 317731 734
454 318465 697
455 319162 728
456 319890 695
457 320585 710
458 321295 688
459 321983 668
460 322651 724
461 323375 695
462 324070 734
463 324804 724
464 325528 696
465 326224 727
466 326951 696
467 327647 704
468 328351 688
469 329039 724
470 329763 676
471 330439 684
472 331123 703
473 331826 706
474 332532 679
475 333211 677
476 333888 728
477 334616 705
478 335321 678
479 335999 676
480 336675 734
481 337409 668
482 338077 710
483 338787 747
484 339534 706
485 340240 674
486 340914 681
487 341595 676
488 342271 686
489 342957 664
490 343621 688
491 344309 671
492 344980 670
493 345650 697
494 346347 679
495 347026 723
496 347749 695
497 348444 733
498 349177 662
499 349839 705
500 350544 691
501 351235 2721
502 353956 2789
503 356745 1961
504 358706 2480
505 361186 7206
506 368392 1598
507 369990 1189
508 371179 1189
509 372368 1181
510 373549 1189
511 374738 1189
512 375927 1189
513 377116 1189
514 378305 1189
515 379494 1189
516 380683 832
517 381515 1164
518 382679 8124
519 390803 5590
520 396393 1364
521 397757 2048
522 399805 4799
523 404604 6829
524 411433 8230
525 419663 3960
526 423623 5534
527 429157 1288
528 430445 8900
529 439345 6060
530 445405 2104
531 447509 4499
532 452008 1986
533 453994 9348
534 463342 2444
535 465786 1312
536 467098 2965
537 470063 2199
538 472262 3056
539 475318 982
540 476300 3812
541 480112 2638
542 482750 1556
543 484306 3451
544 487757 1698
545 489455 6416
546 495871 2510
547 498381 2197
548 500578 5116
549 505694 8612
550 514306 5234
551 519540 1132
552 520672 1344
553 522016 1507
554 523523 2510
555 526033 2406
556 528439 1864
557 530303 3547
558 533850 2464
559 536314 3971
560 540285 3799
561 544084 481
562 544565 13431
563 557996 9648
564 567644 2506
565 570150 2128
566 572278 2476
567 574754 2700
568 577454 6427
569 583881 8042
570 591923 5274
571 597197 5992
572 603189 4604
573 607793 2540
574 610333 2528
575 612861 7459
576 620320 8556
577 628876 5450
578 634326 688
579 635014 2839
580 637853 3290
581 641143 1179
582 642322 1822
583 644144 1965
584 646109 681
585 646790 522
586 647312 645
587 647957 2617
588 650574 2559
589 653133 1962
590 655095 5814
591 660909 2077
592 662986 3865
593 666851 8178
594 675029 4232
595 679261 2428
596 681689 1618
597 683307 3053
598 686360 1820
599 688180 8351
600 696531 1740
601 698271 226
602 698497 226
603 698723 247
604 698970 238
605 699208 211
606 699419 252
607 699671 251
608 699922 251
609 700173 250
610 700423 253
611 700676 244
612 700920 226
613 701146 209
614 701355 214
615 701569 236
616 701805 233
617 702038 255
618 702293 230
619 702523 211
620 702734 217
621 702951 232
622 703183 226
623 703409 246
624 703655 247
625 703902 251
626 704153 247
627 704400 211
628 704611 239
629 704850 253
630 705103 233
631 705336 251
632 705587 226
633 705813 245
634 706058 250
635 706308 247
636 706555 254
637 706809 230
638 707039 257
639 707296 249
640 707545 252
641 707797 253
642 708050 247
643 708297 245
644 708542 240
645 708782 232
646 709014 217
647 709231 252
648 709483 244
649 709727 220
650 709947 205
651 710152 5357
652 715509 1351
653 716860 14643
654 731503 1143
655 732646 1364
656 734010 5282
657 739292 2549
658 741841 3136
659 744977 6921
660 751898 6253
661 758151 9251
662 767402 11744
663 779146 2120
664 781266 6549
665 787815 5864
666 793679 10077
667 803756 7755
668 811511 284
669 811795 356
670 812151 406
671 812557 260
672 812817 328
673 813145 284
674 813429 374
675 813803 6025
676 819828 1270
677 821098 4982
678 826080 10029
679 836109 5551
680 841660 3084
681 844744 2037
682 846781 2001
683 848782 2364
684 851146 1867
685 853013 1461
686 854474 1541
687 856015 1606
688 857621 1680
689 859301 3502
690 862803 2592
691 865395 15320
692 880715 3348
693 884063 8015
694 892078 3721
695 895799 3471
696 899270 6197
697 905467 2597
698 908064 3731
699 911795 2802
700 914597 9408
701 924005 1425
702 925430 256
703 925686 1973
704 927659 5018
705 932677 1443
706 934120 1739
707 935859 1877
708 937736 2917
709 940653 8210
710 948863 7561
711 956424 3532
712 959956 9792
713 969748 1686
714 971434 993
715 972427 1696
716 974123 4174
717 978297 3803
718 982100 1066
719 983166 15134
720 998300 4174
721 1002474 6551
722 1009025 3528
723 1012553 3539
724 1016092 1257
725 1017349 4834
726 1022183 803
727 1022986 540
728 1023526 7832
729 1031358 2900
730 1034258 3670
731 1037928 2776
732 1040704 1254
733 1041958 1034
734 1042992 2186
735 1045178 374
736 1045552 284
737 1045836 394
738 1046230 11904
739 1058134 5398
740 1063532 5941
741 1069473 1807
742 1071280 1091
743 1072371 22712
744 1095083 1548
745 1096631 6662
746 1103293 6455
747 1109748 9619
748 1119367 1671
749 1121038 3817
750 1124855 2141
751 1126996 8118
752 1135114 11582
753 1146696 2080
754 1148776 3640
755 1152416 5202
756 1157618 5367
757 1162985 5195
758 1168180 6373
759 1174553 1066
760 1175619 7231
761 1182850 2976
762 1185826 9568
763 1195394 4252
764 1199646 6457
765 1206103 2918
766 1209021 1627
767 1210648 2954
768 1213602 3434
769 1217036 1805
770 1218841 5587
771 1224428 9105
772 1233533 255
773 1233788 2326
774 1236114 8453
775 1244567 6831
776 1251398 6493
777 1257891 3722
778 1261613 3415
779 1265028 2921
780 1267949 3447
781 1271396 503
782 1271899 2201
783 1274100 3959
784 1278059 3648
785 1281707 2943
786 1284650 3612
787 1288262 2729
788 1290991 6594
789 1297585 9455
790 1307040 8472
791 1315512 10559
792 1326071 9726
793 1335797 10308
794 1346105 7990
795 1354095 5506
796 1359601 6276
797 1365877 7525
798 1373402 3583
799 1376985 4022
800 1381007 2403
801 1383410 1590
802 1385000 1695
803 1386695 3184
804 1389879 3546
805 1393425 7632
806 1401057 6374
807 1407431 5969
808 1413400 3605
809 1417005 4626
810 1421631 3516
811 1425147 11636
812 1436783 5184
813 1441967 6673
814 1448640 4838
815 1453478 1103
816 1454581 4199
817 1458780 3690
818 1462470 3475
819 1465945 4344
820 1470289 4937
821 1475226 4590
822 1479816 8018
823 1487834 2278
824 1490112 5570
825 1495682 4410
826 1500092 6564
827 1506656 4822
828 1511478 2200
829 1513678 2176
830 1515854 1526
831 1517380 3346
832 1520726 4628
833 1525354 4167
834 1529521 6268
835 1535789 8610
836 1544399 1886
837 1546285 5813
838 1552098 7307
839 1559405 1318
840 1560723 3453
841 1564176 4140
842 1568316 1659
843 1569975 7327
844 1577302 2787
845 1580089 10172
846 1590261 4325
847 1594586 5837
848 1600423 847
849 1601270 3789
850 1605059 2008
851 1607067 1520
852 1608587 3305
853 1611892 1244
854 1613136 1820
855 1614956 4597
856 1619553 1123
857 1620676 4264
858 1624940 1867
859 1626807 2189
860 1628996 325
861 1629321 4999
862 1634320 2673
863 1636993 2643
864 1639636 403
865 1640039 1569
866 1641608 1542
867 1643150 2231
868 1645381 1535
869 1646916 1123
870 1648039 2709
871 1650748 1057
872 1651805 371
873 1652176 4619
874 1656795 1326
875 1658121 935
876 1659056 3960
877 1663016 1382
878 1664398 3170
879 1667568 2665
880 1670233 578
881 1670811 1331
882 1672142 1280
883 1673422 2540
884 1675962 1239
885 1677201 8191
886 1685392 632
887 1686024 1377
888 1687401 7457
889 1694858 3910
890 1698768 3757
891 1702525 3509
892 1706034 7051
893 1713085 4964
894 1718049 1702
895 1719751 1636
896 1721387 2079
897 1723466 1384
898 1724850 548
899 1725398 1397
900 1726795 2339
901 1729134 4534
902 1733668 1580
903 1735248 11600
904 1746848 2095
905 1748943 858
906 1749801 960
907 1750761 1101
908 1751862 1866
909 1753728 757
910 1754485 11613
911 1766098 1824
912 1767922 3006
913 1770928 3787
914 1774715 991
915 1775706 2251
916 1777957 1270
917 1779227 4804
918 1784031 352
919 1784383 7097
920 1791480 1084
921 1792564 1823
922 1794387 2608
923 1796995 1526
924 1798521 1287
925 1799808 6721
926 1806529 3581
927 1810110 1048
928 1811158 3576
929 1814734 1694
930 1816428 3037
931 1819465 1361
932 1820826 550
933 1821376 817
934 1822193 4878
935 1827071 1275
936 1828346 6488
937 1834834 2733
938 1837567 485
939 1838052 4284
940 1842336 562
941 1842898 1528
942 1844426 2167
943 1846593 2837
944 1849430 3217
945 1852647 1417
946 1854064 1575
947 1855639 1177
948 1856816 1492
949 1858308 2391
950 1860699 632
951 1861331 1342
952 1862673 5564
953 1868237 1287
954 1869524 2003
955 1871527 2711
956 1874238 2467
957 1876705 1263
958 1877968 1186
959 1879154 6867
960 1886021 3216
961 1889237 2643
962 1891880 5291
963 1897171 1964
964 1899135 2619
965 1901754 4824
966 1906578 4777
967 1911355 4536
968 1915891 3137
969 1919028 7744
970 1926772 5862
971 1932634 3578
972 1936212 3393
973 1939605 2415
974 1942020 3544
975 1945564 2224
976 1947788 2089
977 1949877 9238
978 1959115 5459
979 1964574 7575
980 1972149 5491
981 1977640 4909
982 1982549 8317
983 1990866 12002
984 2002868 6382
985 2009250 1483
986 2010733 1908
987 2012641 1026
988 2013667 5350
989 2019017 3003
990 2022020 721
991 2022741 4241
992 2026982 866
993 2027848 3199
994 2031047 784
995 2031831 971
996 2032802 4279
997 2037081 3721
998 2040802 1326
999 2042128 1858
1000 2043986 1200
1001 2045186 1688
1002 2046874 930
1003 2047804 2550
1004 2050354 4436
1005 2054790 4734
1006 2059524 1162
1007 2060686 2294
1008 2062980 1008
1009 2063988 2024
1010 2066012 945
1011 2066957 1245
1012 2068202 1535
1013 2069737 606
1014 2070343 4017
1015 2074360 1500
1016 2075860 4863
1017 2080723 2534
1018 2083257 2118
1019 2085375 2540
1020 2087915 2291
1021 2090206 3536
1022 2093742 1724
1023 2095466 1174
1024 2096640 2658
1025 2099298 2077
1026 2101375 1947
1027 2103322 4342
1028 2107664 14648
1029 2122312 2174
1030 2124486 6637
1031 2131123 13780
1032 2144903 9111
1033 2154014 3755
1034 2157769 4656
1035 2162425 3689
1036 2166114 5721
1037 2171835 1740
1038 2173575 9145
1039 2182720 4036
1040 2186756 1941
1041 2188697 9813
1042 2198510 6536
1043 2205046 2502
1044 2207548 4578
1045 2212126 7600
1046 2219726 2135
1047 2221861 3754
1048 2225615 4362
1049 2229977 1135
1050 2231112 2263
1051 2233375 461
1052 2233836 471
1053 2234307 487
1054 2234794 531
1055 2235325 501
1056 2235826 509
1057 2236335 533
1058 2236868 569
1059 2237437 517
1060 2237954 547
1061 2238501 523
1062 2239024 515
1063 2239539 531
1064 2240070 499
1065 2240569 567
1066 2241136 5175
1067 2246311 7868
1068 2254179 5362
1069 2259541 11051
1070 2270592 1876
1071 2272468 7311
1072 2279779 3732
1073 2283511 7970
1074 2291481 522
1075 2292003 5257
1076 2297260 2538
1077 2299798 3125
1078 2302923 3923
1079 2306846 793
1080 2307639 915
1081 2308554 5716
1082 2314270 1528
1083 2315798 2182
1084 2317980 2662
1085 2320642 3710
1086 2324352 3314
1087 2327666 2130
1088 2329796 4870
1089 2334666 10186
1090 2344852 631
1091 2345483 3208
1092 2348691 3497
1093 2352188 5358
1094 2357546 3807
1095 2361353 6292
1096 2367645 9900
1097 2377545 2119
1098 2379664 1675
1099 2381339 3167
1100 2384506 5624
1101 2390130 3712
1102 2393842 2026
1103 2395868 4438
1104 2400306 1408
1105 2401714 9497
1106 2411211 4620
1107 2415831 2625
1108 2418456 3619
1109 2422075 1847
1110 2423922 1527
1111 2425449 1549
1112 2426998 4760
1113 2431758 2935
1114 2434693 8603
1115 2443296 7819
1116 2451115 5350
1117 2456465 3085
1118 2459550 7168
1119 2466718 1238
1120 2467956 2845
1121 2470801 2632
1122 2473433 1992
1123 2475425 2361
1124 2477786 568
1125 2478354 5925
1126 2484279 561
1127 2484840 2117
1128 2486957 6669
1129 2493626 5924
1130 2499550 2562
1131 2502112 3116
1132 2505228 8983
1133 2514211 3658
1134 2517869 3935
1135 2521804 3082
1136 2524886 8998
1137 2533884 4082
1138 2537966 3435
1139 2541401 3680
1140 2545081 1509
1141 2546590 4524
1142 2551114 1064
1143 2552178 1818
1144 2553996 5638
1145 2559634 2137
1146 2561771 1838
1147 2563609 15896
1148 2579505 5975
1149 2585480 2296
1150 2587776 2660
1151 2590436 5445
1152 2595881 3964
1153 2599845 13813
1154 2613658 3868
1155 2617526 1891
1156 2619417 3681
1157 2623098 6636
1158 2629734 3003
1159 2632737 607
1160 2633344 4732
1161 2638076 4598
1162 2642674 2752
1163 2645426 4785
1164 2650211 2200
1165 2652411 782
1166 2653193 514
1167 2653707 3205
1168 2656912 2153
1169 2659065 10236
1170 2669301 1169
1171 2670470 1385
1172 2671855 5224
1173 2677079 2575
1174 2679654 6697
1175 2686351 7868
1176 2694219 1460
1177 2695679 1814
1178 2697493 2288
1179 2699781 3456
1180 2703237 2000
1181 2705237 2144
1182 2707381 6091
1183 2713472 2118
1184 2715590 1499
1185 2717089 1149
1186 2718238 3220
1187 2721458 6357
1188 2727815 2026
1189 2729841 2434
1190 2732275 2651
1191 2734926 2655
1192 2737581 3645
1193 2741226 1455
1194 2742681 8538
1195 2751219 3952
1196 2755171 1522
1197 2756693 10488
1198 2767181 4142
1199 2771323 7245
1200 2778568 10078
1201 2788646 3402
1202 2792048 6538
1203 2798586 4415
1204 2803001 4704
1205 2807705 3036
1206 2810741 1363
1207 2812104 3116
1208 2815220 1999
1209 2817219 1712
1210 2818931 1758
1211 2820689 3396
1212 2824085 2107
1213 2826192 2172
1214 2828364 1026
1215 2829390 1936
1216 2831326 4000
1217 2835326 2241
1218 2837567 5441
1219 2843008 1787
1220 2844795 1939
1221 2846734 2587
1222 2849321 2237
1223 2851558 2422
1224 2853980 2229
1225 2856209 1836
1226 2858045 2426
1227 2860471 6061
1228 2866532 4997
1229 2871529 1671
1230 2873200 13718
1231 2886918 5415
1232 2892333 1019
1233 2893352 14548
1234 2907900 1897
1235 2909797 1648
1236 2911445 1138
1237 2912583 1560
1238 2914143 1807
1239 2915950 6121
1240 2922071 3031
1241 2925102 3121
1242 2928223 2429
1243 2930652 1997
1244 2932649 2893
1245 2935542 5446
1246 2940988 15435
1247 2956423 7282
1248 2963705 3398
1249 2967103 3277
1250 2970380 2583
1251 2972963 3003
1252 2975966 1385
1253 2977351 2340
1254 2979691 5316
1255 2985007 1654
1256 2986661 1339
1257 2988000 1747
1258 2989747 2033
1259 2991780 2107
1260 2993887 2646
1261 2996533 2071
1262 2998604 1538
1263 3000142 1532
1264 3001674 1437
1265 3003111 2533
1266 3005644 3802
1267 3009446 2470
1268 3011916 2095
1269 3014011 2565
1270 3016576 3491
1271 3020067 2517
1272 3022584 2572
1273 3025156 20321
1274 3045477 8452
1275 3053929 4425
1276 3058354 4529
1277 3062883 4198
1278 3067081 1588
1279 3068669 4540
1280 3073209 1418
1281 3074627 1236
1282 3075863 1534
1283 3077397 7482
1284 3084879 2234
1285 3087113 18081
1286 3105194 8934
1287 3114128 5731
1288 3119859 4079
1289 3123938 3616
1290 3127554 2108
1291 3129662 16428
1292 3146090 4515
1293 3150605 1208
1294 3151813 1982
1295 3153795 1408
1296 3155203 8231
1297 3163434 5227
1298 3168661 6899
1299 3175560 1984
1300 3177544 8260
1301 3185804 7617
1302 3193421 8561
1303 3201982 5033
1304 3207015 6800
1305 3213815 15147
1306 3228962 7597
1307 3236559 5137
1308 3241696 1425
1309 3243121 1626
1310 3244747 2208
1311 3246955 1402
1312 3248357 873
1313 3249230 6427
1314 3255657 2188
1315 3257845 8353
1316 3266198 4279
1317 3270477 1932
1318 3272409 5293
1319 3277702 5525
1320 3283227 9172
1321 3292399 4748
1322 3297147 9581
1323 3306728 3828
1324 3310556 1129
1325 3311685 1481
1326 3313166 1414
1327 3314580 9135
1328 3323715 352
1329 3324067 1784
1330 3325851 824
1331 3326675 1511
1332 3328186 12609
1333 3340795 8089
1334 3348884 4134
1335 3353018 5056
1336 3358074 4519
1337 3362593 8996
1338 3371589 2273
1339 3373862 5420
1340 3379282 2981
1341 3382263 3166
1342 3385429 1737
1343 3387166 8147
1344 3395313 3745
1345 3399058 14227
1346 3413285 3338
1347 3416623 3932
1348 3420555 4368
1349 3424923 11648
1350 3436571 985
1351 3437556 8059
1352 3445615 6321
1353 3451936 837
1354 3452773 5737
1355 3458510 15755
1356 3474265 971
1357 3475236 6120
1358 3481356 732
1359 3482088 5316
1360 3487404 8117
1361 3495521 1496
1362 3497017 4418
1363 3501435 756
1364 3502191 8968
1365 3511159 1415
1366 3512574 3180
1367 3515754 5213
1368 3520967 5604
1369 3526571 4738
1370 3531309 5575
1371 3536884 1917
1372 3538801 3921
1373 3542722 6119
1374 3548841 2502
1375 3551343 4474
1376 3555817 1011
1377 3556828 828
1378 3557656 4212
1379 3561868 2709
1380 3564577 2998
1381 3567575 1292
1382 3568867 1985
1383 3570852 2358
1384 3573210 2776
1385 3575986 2344
1386 3578330 1331
1387 3579661 4739
1388 3584400 4620
1389 3589020 3617
1390 3592637 3170
1391 3595807 4144
1392 3599951 4543
1393 3604494 2813
1394 3607307 3861
1395 3611168 2348
1396 3613516 1779
1397 3615295 2337
1398 3617632 20538
1399 3638170 3350
1400 3641520 4122
1401 3645642 1957
1402 3647599 8772
1403 3656371 2716
1404 3659087 5355
1405 3664442 5387
1406 3669829 3727
1407 3673556 4208
1408 3677764 5970
1409 3683734 3067
1410 3686801 5500
1411 3692301 1776
1412 3694077 2659
1413 3696736 5070
1414 3701806 4827
1415 3706633 3350
1416 3709983 5458
1417 3715441 5529
1418 3720970 4316
1419 3725286 2576
1420 3727862 4450
1421 3732312 7438
1422 3739750 265
1423 3740015 4769
1424 3744784 235
1425 3745019 940
1426 3745959 831
1427 3746790 2272
1428 3749062 1817
1429 3750879 975
1430 3751854 1877
1431 3753731 12175
1432 3765906 4473
1433 3770379 1919
1434 3772298 6926
1435 3779224 10019
1436 3789243 1154
1437 3790397 9983
1438 3800380 3418
1439 3803798 1440
1440 3805238 3554
1441 3808792 5404
1442 3814196 4704
1443 3818900 5579
1444 3824479 3494
1445 3827973 1773
1446 3829746 819
1447 3830565 2617
1448 3833182 3978
1449 3837160 3566
1450 3840726 5207
1451 3845933 5294
1452 3851227 1352
1453 3852579 9411
1454 3861990 3326
1455 3865316 632
1456 3865948 1585
1457 3867533 3357
1458 3870890 1919
1459 3872809 3314
1460 3876123 5150
1461 3881273 2169
1462 3883442 5869
1463 3889311 2339
1464 3891650 4254
1465 3895904 4955
1466 3900859 6755
1467 3907614 8261
1468 3915875 3757
1469 3919632 5062
1470 3924694 3542
1471 3928236 1930
1472 3930166 1033
1473 3931199 1452
1474 3932651 1211
1475 3933862 2140
1476 3936002 1340
1477 3937342 1779
1478 3939121 1849
1479 3940970 2223
1480 3943193 1845
1481 3945038 7708
1482 3952746 18396
1483 3971142 3920
1484 3975062 4452
1485 3979514 3387
1486 3982901 3590
1487 3986491 10554
1488 3997045 4106
1489 4001151 1260
1490 4002411 935
1491 4003346 1547
1492 4004893 1008
1493 4005901 2016
1494 4007917 4505
1495 4012422 1673
1496 4014095 6285
1497 4020380 7741
1498 4028121 2036
1499 4030157 4046
1500 4034203 2716
1501 4036919 4814
1502 4041733 8891
1503 4050624 5020
1504 4055644 8018
1505 4063662 4828
1506 4068490 10082
1507 4078572 2255
1508 4080827 1660
1509 4082487 2144
1510 4084631 1919
1511 4086550 2480
1512 4089030 2938
1513 4091968 2626
1514 4094594 13345
1515 4107939 2533
1516 4110472 2304
1517 4112776 2558
1518 4115334 3130
1519 4118464 1631
1520 4120095 10204
1521 4130299 9696
1522 4139995 4764
1523 4144759 7044
1524 4151803 3704
1525 4155507 3471
1526 4158978 2891
1527 4161869 5922
1528 4167791 3128
1529 4170919 5903
1530 4176822 4817
1531 4181639 13779
1532 4195418 3875
1533 4199293 3014
1534 4202307 1668
1535 4203975 8153
1536 4212128 5736
1537 4217864 12547
1538 4230411 3860
1539 4234271 2249
1540 4236520 5512
1541 4242032 5894
1542 4247926 7972
1543 4255898 10187
1544 4266085 3647
1545 4269732 3433
1546 4273165 2229
1547 4275394 429
1548 4275823 3828
1549 4279651 2075
1550 4281726 1528
1551 4283254 7423
1552 4290677 1065
1553 4291742 989
1554 4292731 1722
1555 4294453 3323
1556 4297776 1870
1557 4299646 4106
1558 4303752 2215
1559 4305967 4072
1560 4310039 1442
1561 4311481 4965
1562 4316446 2647
1563 4319093 1798
1564 4320891 2021
1565 4322912 1530
1566 4324442 7443
1567 4331885 1336
1568 4333221 1114
1569 4334335 9116
1570 4343451 11305
1571 4354756 9290
1572 4364046 16045
1573 4380091 8792
1574 4388883 8484
1575 4397367 7419
1576 4404786 11330
1577 4416116 19543
1578 4435659 13593
1579 4449252 5521
1580 4454773 529
1581 4455302 869
1582 4456171 3233
1583 4459404 7379
1584 4466783 576
1585 4467359 1574
1586 4468933 3496
1587 4472429 2140
1588 4474569 9206
1589 4483775 8060
1590 4491835 8603
1591 4500438 4728
1592 4505166 2726
1593 4507892 4120
1594 4512012 5117
1595 4517129 7189
1596 4524318 3444
1597 4527762 2871
1598 4530633 716
1599 4531349 1089
1600 4532438 1677
1601 4534115 6715
1602 4540830 1385
1603 4542215 11488
1604 4553703 6385
1605 4560088 4476
1606 4564564 25843
1607 4590407 3787
1608 4594194 5180
1609 4599374 8443
1610 4607817 9810
1611 4617627 4670
1612 4622297 6410
1613 4628707 9636
1614 4638343 12884
1615 4651227 4729
1616 4655956 10997
1617 4666953 6311
1618 4673264 5148
1619 4678412 1794
1620 4680206 3853
1621 4684059 4804
1622 4688863 3747
1623 4692610 10755
1624 4703365 9953
1625 4713318 6887
1626 4720205 6148
1627 4726353 6626
1628 4732979 5844
1629 4738823 4137
1630 4742960 3946
1631 4746906 3542
1632 4750448 3881
1633 4754329 3371
1634 4757700 12315
1635 4770015 12882
1636 4782897 4268
1637 4787165 2900
1638 4790065 5611
1639 4795676 15957
1640 4811633 4332
1641 4815965 756
1642 4816721 1241
1643 4817962 4449
1644 4822411 4423
1645 4826834 2128
1646 4828962 13077
1647 4842039 6746
1648 4848785 8873
1649 4857658 7786
1650 4865444 10737
1651 4876181 317
1652 4876498 7044
1653 4883542 8987
1654 4892529 2381
1655 4894910 8203
1656 4903113 8335
1657 4911448 3936
1658 4915384 5796
1659 4921180 10307
1660 4931487 2586
1661 4934073 13783
1662 4947856 4726
1663 4952582 568
1664 4953150 1572
1665 4954722 3127
1666 4957849 3798
1667 4961647 1693
1668 4963340 2743
1669 4966083 2724
1670 4968807 556
1671 4969363 4192
1672 4973555 6114
1673 4979669 1780
1674 4981449 3635
1675 4985084 2497
1676 4987581 6065
1677 4993646 5822
1678 4999468 7808
1679 5007276 4981
1680 5012257 949
1681 5013206 1315
1682 5014521 2075
1683 5016596 4107
1684 5020703 3536
1685 5024239 648
1686 5024887 4101
1687 5028988 2952
1688 5031940 2895
1689 5034835 3547
1690 5038382 5654
1691 5044036 4689
1692 5048725 5136
1693 5053861 2749
1694 5056610 9210
1695 5065820 9448
1696 5075268 5590
1697 5080858 2065
1698 5082923 7397
1699 5090320 2036
1700 5092356 3530
1701 5095886 3776
1702 5099662 2650
1703 5102312 8408
1704 5110720 1350
1705 5112070 1926
1706 5113996 3130
1707 5117126 4602
1708 5121728 2067
1709 5123795 1243
1710 5125038 1263
1711 5126301 5331
1712 5131632 2825
1713 5134457 4058
1714 5138515 1180
1715 5139695 2066
1716 5141761 2188
1717 5143949 1381
1718 5145330 2936
1719 5148266 1628
1720 5149894 7363
1721 5157257 5340
1722 5162597 781
1723 5163378 576
1724 5163954 905
1725 5164859 716
1726 5165575 577
1727 5166152 615
1728 5166767 1385
1729 5168152 3568
1730 5171720 3783
1731 5175503 556
1732 5176059 2129
1733 5178188 1382
1734 5179570 3440
1735 5183010 6294
1736 5189304 3312
1737 5192616 5368
1738 5197984 3054
1739 5201038 3855
1740 5204893 3334
1741 5208227 3083
1742 5211310 2145
1743 5213455 1979
1744 5215434 3242
1745 5218676 3821
1746 5222497 322
1747 5222819 1986
1748 5224805 2216
1749 5227021 3853
1750 5230874 3844
1751 5234718 3666
1752 5238384 11196
1753 5249580 10119
1754 5259699 2095
1755 5261794 3868
1756 5265662 3492
1757 5269154 4262
1758 5273416 1561
1759 5274977 1502
1760 5276479 2397
1761 5278876 1994
1762 5280870 3146
1763 5284016 2805
1764 5286821 1963
1765 5288784 2432
1766 5291216 5711
1767 5296927 2595
1768 5299522 8625
1769 5308147 7448
1770 5315595 2462
1771 5318057 1506
1772 5319563 1686
1773 5321249 2719
1774 5323968 2627
1775 5326595 2298
1776 5328893 3109
1777 5332002 2115
1778 5334117 3033
1779 5337150 7001
1780 5344151 6407
1781 5350558 6939
1782 5357497 6818
1783 5364315 3990
1784 5368305 8171
1785 5376476 7832
1786 5384308 3162
1787 5387470 1845
1788 5389315 3029
1789 5392344 1661
1790 5394005 3071
1791 5397076 3482
1792 5400558 1906
1793 5402464 1573
1794 5404037 4817
1795 5408854 1790
1796 5410644 1564
1797 5412208 2510
1798 5414718 3661
1799 5418379 2109
1800 5420488 1504
1801 5421992 2857
1802 5424849 7863
1803 5432712 3378
1804 5436090 3671
1805 5439761 8920
1806 5448681 3779
1807 5452460 2870
1808 5455330 2247
1809 5457577 3613
1810 5461190 3540
1811 5464730 2116
1812 5466846 1645
1813 5468491 1839
1814 5470330 6405
1815 5476735 3244
1816 5479979 2280
1817 5482259 1905
1818 5484164 3467
1819 5487631 5549
1820 5493180 2050
1821 5495230 4195
1822 5499425 2759
1823 5502184 3802
1824 5505986 1791
1825 5507777 1582
1826 5509359 1591
1827 5510950 1663
1828 5512613 3693
1829 5516306 2778
1830 5519084 4005
1831 5523089 2424
1832 5525513 2438
1833 5527951 2632
1834 5530583 2415
1835 5532998 2577
1836 5535575 23296
1837 5558871 3257
1838 5562128 3659
1839 5565787 6361
1840 5572148 3130
1841 5575278 3338
1842 5578616 3451
1843 5582067 5278
1844 5587345 1653
1845 5588998 2630
1846 5591628 3460
1847 5595088 2491
1848 5597579 1119
1849 5598698 2402
1850 5601100 5122
1851 5606222 4266
1852 5610488 3057
1853 5613545 3816
1854 5617361 2678
1855 5620039 5459
1856 5625498 2566
1857 5628064 3828
1858 5631892 1138
1859 5633030 5353
1860 5638383 1481
1861 5639864 1253
1862 5641117 2083
1863 5643200 7482
1864 5650682 3368
1865 5654050 2576
1866 5656626 1636
1867 5658262 3124
1868 5661386 1225
1869 5662611 630
1870 5663241 1616
1871 5664857 1687
1872 5666544 1613
1873 5668157 8867
1874 5677024 7830
1875 5684854 4482
1876 5689336 2973
1877 5692309 656
1878 5692965 7738
1879 5700703 4096
1880 5704799 12603
1881 5717402 4977
1882 5722379 2576
1883 5724955 3952
1884 5728907 16256
1885 5745163 6362
1886 5751525 2673
1887 5754198 352
1888 5754550 2402
1889 5756952 3909
1890 5760861 2871
1891 5763732 13614
1892 5777346 7985
1893 5785331 1962
1894 5787293 2833
1895 5790126 1984
1896 5792110 1902
1897 5794012 3524
1898 5797536 2269
1899 5799805 3111
1900 5802916 2044
1901 5804960 1882
1902 5806842 2244
1903 5809086 2990
1904 5812076 2910
1905 5814986 1983
1906 5816969 2268
1907 5819237 2243
1908 5821480 1881
1909 5823361 2043
1910 5825404 2657
1911 5828061 3374
1912 5831435 2221
1913 5833656 1964
1914 5835620 1827
1915 5837447 2139
1916 5839586 4555
1917 5844141 3951
1918 5848092 3853
1919 5851945 3060
1920 5855005 2505
1921 5857510 2620
1922 5860130 2385
1923 5862515 2426
1924 5864941 4555
1925 5869496 367
1926 5869863 5918
1927 5875781 3951
1928 5879732 3853
1929 5883585 10007
1930 5893592 2861
1931 5896453 1013
1932 5897466 4477
1933 5901943 7225
1934 5909168 352
1935 5909520 3252
1936 5912772 2725
1937 5915497 2432
1938 5917929 2651
1939 5920580 3622
1940 5924202 4407
1941 5928609 2664
1942 5931273 5045
1943 5936318 2803
1944 5939121 8281
1945 5947402 2806
1946 5950208 6341
1947 5956549 2500
1948 5959049 1273
1949 5960322 17894
1950 5978216 9927
1951 5988143 3014
1952 5991157 3297
1953 5994454 5941
1954 6000395 3536
1955 6003931 1995
1956 6005926 3133
1957 6009059 4548
1958 6013607 4429
1959 6018036 3773
1960 6021809 3045
1961 6024854 24629
1962 6049483 11386
1963 6060869 16378
1964 6077247 30781
1965 6108028 3839
1966 6111867 4365
1967 6116232 5509
1968 6121741 3065
1969 6124806 2797
1970 6127603 3790
1971 6131393 2172
1972 6133565 4056
1973 6137621 13187
1974 6150808 2563
1975 6153371 1967
1976 6155338 3671
1977 6159009 3914
1978 6162923 3924
1979 6166847 1945
1980 6168792 5487
1981 6174279 6925
1982 6181204 2557
1983 6183761 4631
1984 6188392 7025
1985 6195417 1552
1986 6196969 2533
1987 6199502 2722
1988 6202224 863
1989 6203087 5410
1990 6208497 318
1991 6208815 887
1992 6209702 3626
1993 6213328 5975
1994 6219303 1287
1995 6220590 1434
1996 6222024 3736
1997 6225760 4632
1998 6230392 2436
1999 6232828 2252
2000 6235080 3826
2001 6238906 4110
2002 6243016 978
2003 6243994 2987
2004 6246981 1189
2005 6248170 1833
2006 6250003 2052
2007 6252055 3176
2008 6255231 7193
2009 6262424 8662
2010 6271086 4016
2011 6275102 4047
2012 6279149 4677
2013 6283826 3953
2014 6287779 4680
2015 6292459 1207
2016 6293666 4266
2017 6297932 2758
2018 6300690 1766
2019 6302456 1128
2020 6303584 4090
2021 6307674 3926
2022 6311600 2940
2023 6314540 1340
2024 6315880 3216
2025 6319096 7741
2026 6326837 19124
2027 6345961 2247
2028 6348208 3835
2029 6352043 1697
2030 6353740 4303
2031 6358043 5171
2032 6363214 8904
2033 6372118 3194
2034 6375312 13427
2035 6388739 3795
2036 6392534 287
2037 6392821 6425
2038 6399246 8761
2039 6408007 5818
2040 6413825 2217
2041 6416042 5025
2042 6421067 1264
2043 6422331 3914
2044 6426245 6415
2045 6432660 1715
2046 6434375 3490
2047 6437865 2856
2048 6440721 6343
2049 6447064 5446
2050 6452510 1857
2051 6454367 6805
2052 6461172 3724
2053 6464896 10485
2054 6475381 7031
2055 6482412 4613
2056 6487025 3575
2057 6490600 6503
2058 6497103 9689
2059 6506792 1643
2060 6508435 2828
2061 6511263 2451
2062 6513714 4610
2063 6518324 8764
2064 6527088 1636
2065 6528724 4866
2066 6533590 1076
2067 6534666 1132
2068 6535798 6736
2069 6542534 2207
2070 6544741 1978
2071 6546719 6736
2072 6553455 6253
2073 6559708 3674
2074 6563382 677
2075 6564059 1883
2076 6565942 3127
2077 6569069 1304
2078 6570373 2347
2079 6572720 1159
2080 6573879 3526
2081 6577405 4158
2082 6581563 4374
2083 6585937 6334
2084 6592271 3801
2085 6596072 758
2086 6596830 4323
2087 6601153 4127
2088 6605280 583
2089 6605863 1045
2090 6606908 1630
2091 6608538 3701
2092 6612239 3635
2093 6615874 4850
2094 6620724 2744
2095 6623468 2125
2096 6625593 3177
2097 6628770 848
2098 6629618 7228
2099 6636846 993
2100 6637839 3194
2101 6641033 2431
2102 6643464 2720
2103 6646184 3452
2104 6649636 2596
2105 6652232 4117
2106 6656349 2088
2107 6658437 1908
2108 6660345 4482
2109 6664827 1469
2110 6666296 4471
2111 6670767 3928
2112 6674695 5727
2113 6680422 6711
2114 6687133 4577
2115 6691710 1847
2116 6693557 1316
2117 6694873 2895
2118 6697768 6490
2119 6704258 2585
2120 6706843 3494
2121 6710337 2759
2122 6713096 2323
2123 6715419 10546
2124 6725965 810
2125 6726775 9162
2126 6735937 6860
2127 6742797 2251
2128 6745048 2567
2129 6747615 2437
2130 6750052 2416
2131 6752468 1393
2132 6753861 1182
2133 6755043 2992
2134 6758035 10218
2135 6768253 1323
2136 6769576 4015
2137 6773591 1171
2138 6774762 503
2139 6775265 10842
2140 6786107 1882
2141 6787989 3410
2142 6791399 3389
2143 6794788 3629
2144 6798417 9739
2145 6808156 2231
2146 6810387 1158
2147 6811545 827
2148 6812372 1101
2149 6813473 1879
2150 6815352 8568
2151 6823920 3502
2152 6827422 6392
2153 6833814 4861
2154 6838675 5657
2155 6844332 1753
2156 6846085 5407
2157 6851492 1738
2158 6853230 1757
2159 6854987 6849
2160 6861836 2831
2161 6864667 1543
2162 6866210 2113
2163 6868323 2627
2164 6870950 2624
2165 6873574 3827
2166 6877401 6402
2167 6883803 3630
2168 6887433 6907
2169 6894340 10229
2170 6904569 2225
2171 6906794 3722
2172 6910516 2383
2173 6912899 3755
2174 6916654 2994
2175 6919648 3821
2176 6923469 1669
2177 6925138 10186
2178 6935324 2191
2179 6937515 5034
2180 6942549 2467
2181 6945016 1561
2182 6946577 8005
2183 6954582 6842
2184 6961424 4500
2185 6965924 9665
2186 6975589 6460
2187 6982049 5785
2188 6987834 2925
2189 6990759 5730
2190 6996489 10498
2191 7006987 4363
2192 7011350 6213
2193 7017563 4687
2194 7022250 2324
2195 7024574 3479
2196 7028053 8954
2197 7037007 1855
2198 7038862 5790
2199 7044652 4097
2200 7048749 4102
2201 7052851 2660
2202 7055511 416
2203 7055927 1905
2204 7057832 7452
2205 7065284 4498
2206 7069782 2478
2207 7072260 1792
2208 7074052 3136
2209 7077188 3575
2210 7080763 2841
2211 7083604 5288
2212 7088892 1225
2213 7090117 1211
2214 7091328 3163
2215 7094491 7670
2216 7102161 7703
2217 7109864 1238
2218 7111102 6085
2219 7117187 1741
2220 7118928 2378
2221 7121306 4887
2222 7126193 1772
2223 7127965 3406
2224 7131371 1976
2225 7133347 1220
2226 7134567 2690
2227 7137257 719
2228 7137976 2849
2229 7140825 5259
2230 7146084 285
2231 7146369 1705
2232 7148074 2883
2233 7150957 4211
2234 7155168 1300
2235 7156468 1160
2236 7157628 1667
2237 7159295 1231
2238 7160526 1711
2239 7162237 873
2240 7163110 914
2241 7164024 3876
2242 7167900 879
2243 7168779 3163
2244 7171942 7894
2245 7179836 2596
2246 7182432 1555
2247 7183987 3210
2248 7187197 1207
2249 7188404 2748
2250 7191152 2400
2251 7193552 1395
2252 7194947 1078
2253 7196025 3721
2254 7199746 3121
2255 7202867 1513
2256 7204380 8402
2257 7212782 1512
2258 7214294 2105
2259 7216399 1005
2260 7217404 1715
2261 7219119 1674
2262 7220793 963
2263 7221756 2476
2264 7224232 9695
2265 7233927 4008
2266 7237935 329
2267 7238264 253
2268 7238517 309
2269 7238826 253
2270 7239079 653
2271 7239732 687
2272 7240419 660
2273 7241079 705
2274 7241784 687
2275 7242471 663
2276 7243134 279
2277 7243413 633
2278 7244046 656
2279 7244702 719
2280 7245421 361
2281 7245782 253
2282 7246035 690
2283 7246725 241
2284 7246966 700
2285 7247666 670
2286 7248336 665
2287 7249001 668
2288 7249669 668
2289 7250337 668
2290 7251005 665
2291 7251670 659
2292 7252329 670
2293 7252999 674
2294 7253673 283
2295 7253956 686
2296 7254642 669
2297 7255311 656
2298 7255967 259
2299 7256226 662
2300 7256888 339
2301 7257227 715
2302 7257942 341
2303 7258283 658
2304 7258941 401
2305 7259342 283
2306 7259625 703
2307 7260328 688
2308 7261016 604
2309 7261620 671
2310 7262291 714
2311 7263005 667
2312 7263672 699
2313 7264371 684
2314 7265055 672
2315 7265727 692
2316 7266419 685
2317 7267104 695
2318 7267799 689
2319 7268488 333
2320 7268821 668
2321 7269489 666
2322 7270155 653
2323 7270808 687
2324 7271495 660
2325 7272155 708
2326 7272863 665
2327 7273528 661
2328 7274189 341
2329 7274530 586
2330 7275116 656
2331 7275772 321
2332 7276093 686
2333 7276779 671
2334 7277450 656
2335 7278106 351
2336 7278457 657
2337 7279114 257
2338 7279371 704
2339 7280075 656
2340 7280731 257
2341 7280988 293
2342 7281281 279
2343 7281560 333
2344 7281893 662
2345 7282555 690
2346 7283245 660
2347 7283905 703
2348 7284608 699
2349 7285307 666
2350 7285973 343
2351 7286316 586
2352 7286902 656
2353 7287558 299
2354 7287857 325
2355 7288182 342
2356 7288524 281
2357 7288805 686
2358 7289491 669
2359 7290160 318
2360 7290478 319
2361 7290797 341
2362 7291138 697
2363 7291835 253
2364 7292088 411
2365 7292499 656
2366 7293155 297
2367 7293452 664
2368 7294116 383
2369 7294499 691
2370 7295190 713
2371 7295903 665
2372 7296568 671
2373 7297239 666
2374 7297905 670
2375 7298575 275
2376 7298850 586
2377 7299436 690
2378 7300126 337
2379 7300463 301
2380 7300764 689
2381 7301453 668
2382 7302121 690
2383 7302811 321
2384 7303132 686
2385 7303818 285
2386 7304103 664
2387 7304767 293
2388 7305060 661
2389 7305721 690
2390 7306411 677
2391 7307088 710
2392 7307798 690
2393 7308488 700
2394 7309188 677
2395 7309865 704
2396 7310569 692
2397 7311261 690
2398 7311951 692
2399 7312643 686
2400 7313329 666
2401 7313995 309
2402 7314304 663
2403 7314967 652
2404 7315619 656
2405 7316275 659
2406 7316934 667
2407 7317601 675
2408 7318276 667
2409 7318943 690
2410 7319633 283
2411 7319916 632
2412 7320548 688
2413 7321236 297
2414 7321533 673
2415 7322206 655
2416 7322861 669
2417 7323530 690
2418 7324220 667
2419 7324887 669
2420 7325556 666
2421 7326222 341
2422 7326563 666
2423 7327229 697
2424 7327926 253
2425 7328179 675
2426 7328854 690
2427 7329544 698
2428 7330242 698
2429 7330940 255
2430 7331195 656
2431 7331851 331
2432 7332182 279
2433 7332461 291
2434 7332752 279
2435 7333031 649
2436 7333680 660
2437 7334340 667
2438 7335007 675
2439 7335682 668
2440 7336350 671
2441 7337021 281
2442 7337302 632
2443 7337934 690
2444 7338624 255
2445 7338879 659
2446 7339538 285
2447 7339823 670
2448 7340493 656
2449 7341149 690
2450 7341839 341
2451 7342180 663
2452 7342843 277
2453 7343120 673
2454 7343793 690
2455 7344483 331
2456 7344814 279
2457 7345093 241
2458 7345334 279
2459 7345613 650
2460 7346263 660
2461 7346923 668
2462 7347591 677
2463 7348268 669
2464 7348937 666
2465 7349603 281
2466 7349884 634
2467 7350518 688
2468 7351206 327
2469 7351533 672
2470 7352205 654
2471 7352859 690
2472 7353549 465
2473 7354014 664
2474 7354678 255
2475 7354933 673
2476 7355606 335
2477 7355941 738
2478 7356679 241
2479 7356920 675
2480 7357595 689
2481 7358284 285
2482 7358569 321
2483 7358890 285
2484 7359175 309
2485 7359484 285
2486 7359769 273
2487 7360042 285
2488 7360327 279
2489 7360606 309
2490 7360915 297
2491 7361212 651
2492 7361863 279
2493 7362142 631
2494 7362773 339
2495 7363112 667
2496 7363779 667
2497 7364446 653
2498 7365099 661
2499 7365760 668
2500 7366428 675
2501 7367103 668
2502 7367771 664
2503 7368435 275
2504 7368710 671
2505 7369381 656
2506 7370037 689
2507 7370726 689
2508 7371415 339
2509 7371754 661
2510 7372415 661
2511 7373076 295
2512 7373371 283
2513 7373654 243
2514 7373897 677
2515 7374574 689
2516 7375263 297
2517 7375560 241
2518 7375801 279
2519 7376080 329
2520 7376409 651
2521 7377060 664
2522 7377724 668
2523 7378392 677
2524 7379069 668
2525 7379737 665
2526 7380402 267
2527 7380669 631
2528 7381300 689
2529 7381989 307
2530 7382296 671
2531 7382967 652
2532 7383619 689
2533 7384308 359
2534 7384667 660
2535 7385327 321
2536 7385648 669
2537 7386317 255
2538 7386572 677
2539 7387249 689
2540 7387938 251
2541 7388189 659
2542 7388848 293
2543 7389141 265
2544 7389406 229
2545 7389635 329
2546 7389964 651
2547 7390615 662
2548 7391277 668
2549 7391945 679
2550 7392624 669
2551 7393293 666
2552 7393959 689
2553 7394648 279
2554 7394927 631
2555 7395558 723
2556 7396281 343
2557 7396624 319
2558 7396943 670
2559 7397613 656
2560 7398269 301
2561 7398570 283
2562 7398853 689
2563 7399542 278
2564 7399820 712
2565 7400532 335
2566 7400867 704
2567 7401571 375
2568 7401946 661
2569 7402607 283
2570 7402890 323
2571 7403213 677
2572 7403890 688
2573 7404578 705
2574 7405283 680
2575 7405963 697
2576 7406660 692
2577 7407352 696
2578 7408048 684
2579 7408732 699
2580 7409431 693
2581 7410124 697
2582 7410821 695
2583 7411516 671
2584 7412187 333
2585 7412520 667
2586 7413187 664
2587 7413851 653
2588 7414504 662
2589 7415166 663
2590 7415829 678
2591 7416507 668
2592 7417175 697
2593 7417872 255
2594 7418127 631
2595 7418758 289
2596 7419047 657
2597 7419704 689
2598 7420393 285
2599 7420678 678
2600 7421356 295
2601 7421651 671
2602 7422322 655
2603 7422977 692
2604 7423669 689
2605 7424358 339
2606 7424697 658
2607 7425355 255
2608 7425610 677
2609 7426287 689
2610 7426976 377
2611 7427353 229
2612 7427582 357
2613 7427939 229
2614 7428168 649
2615 7428817 661
2616 7429478 668
2617 7430146 681
2618 7430827 670
2619 7431497 672
2620 7432169 279
2621 7432448 633
2622 7433081 689
2623 7433770 291
2624 7434061 307
2625 7434368 670
2626 7435038 654
2627 7435692 689
2628 7436381 413
2629 7436794 259
2630 7437053 265
2631 7437318 315
2632 7437633 657
2633 7438290 255
2634 7438545 676
2635 7439221 689
2636 7439910 349
2637 7440259 363
2638 7440622 647
2639 7441269 267
2640 7441536 632
2641 7442168 229
2642 7442397 283
2643 7442680 243
2644 7442923 303
2645 7443226 671
2646 7443897 670
2647 7444567 669
2648 7445236 329
2649 7445565 651
2650 7446216 663
2651 7446879 668
2652 7447547 678
2653 7448225 668
2654 7448893 697
2655 7449590 690
2656 7450280 283
2657 7450563 671
2658 7451234 654
2659 7451888 690
2660 7452578 397
2661 7452975 720
2662 7453695 644
2663 7454339 301
2664 7454640 669
2665 7455309 383
2666 7455692 707
2667 7456399 339
2668 7456738 663
2669 7457401 255
2670 7457656 678
2671 7458334 273
2672 7458607 690
2673 7459297 277
2674 7459574 694
2675 7460268 691
2676 7460959 723
2677 7461682 703
2678 7462385 680
2679 7463065 682
2680 7463747 682
2681 7464429 694
2682 7465123 693
2683 7465816 722
2684 7466538 658
2685 7467196 333
2686 7467529 664
2687 7468193 668
2688 7468861 650
2689 7469511 662
2690 7470173 668
2691 7470841 678
2692 7471519 666
2693 7472185 722
2694 7472907 281
2695 7473188 633
2696 7473821 690
2697 7474511 283
2698 7474794 672
2699 7475466 653
2700 7476119 690
2701 7476809 381
2702 7477190 379
2703 7477569 666
2704 7478235 293
2705 7478528 674
2706 7479202 690
2707 7479892 686
2708 7480578 327
2709 7480905 333
2710 7481238 357
2711 7481595 345
2712 7481940 333
2713 7482273 649
2714 7482922 663
2715 7483585 663
2716 7484248 675
2717 7484923 672
2718 7485595 684
2719 7486279 293
2720 7486572 632
2721 7487204 690
2722 7487894 680
2723 7488574 313
2724 7488887 670
2725 7489557 652
2726 7490209 690
2727 7490899 304
2728 7491203 270
2729 7491473 435
2730 7491908 674
2731 7492582 323
2732 7492905 691
2733 7493596 690
2734 7494286 305
2735 7494591 633
2736 7495224 359
2737 7495583 692
2738 7496275 690
2739 7496965 271
2740 7497236 675
2741 7497911 652
2742 7498563 690
2743 7499253 299
2744 7499552 670
2745 7500222 373
2746 7500595 655
2747 7501250 281
2748 7501531 657
2749 7502188 690
2750 7502878 289
2751 7503167 301
2752 7503468 277
2753 7503745 367
2754 7504112 668
2755 7504780 727
2756 7505507 672
2757 7506179 688
2758 7506867 702
2759 7507569 688
2760 7508257 671
2761 7508928 690
2762 7509618 694
2763 7510312 679
2764 7510991 692
2765 7511683 689
2766 7512372 3728
2767 7516100 2047
2768 7518147 3263
2769 7521410 2908
2770 7524318 7624
2771 7531942 457
2772 7532399 559
2773 7532958 11307
2774 7544265 4538
2775 7548803 3723
2776 7552526 9073
2777 7561599 3454
2778 7565053 2098
2779 7567151 2048
2780 7569199 7178
2781 7576377 6511
2782 7582888 3737
2783 7586625 2293
2784 7588918 15016
2785 7603934 6461
2786 7610395 1375
2787 7611770 2022
2788 7613792 2984
2789 7616776 2631
2790 7619407 2183
2791 7621590 1635
2792 7623225 787
2793 7624012 1437
2794 7625449 781
2795 7626230 433
2796 7626663 4034
2797 7630697 3971
2798 7634668 3109
2799 7637777 4211
2800 7641988 7654
2801 7649642 5484
2802 7655126 1402
2803 7656528 5373
2804 7661901 1219
2805 7663120 975
2806 7664095 1905
2807 7666000 2466
2808 7668466 5543
2809 7674009 2557
2810 7676566 8147
2811 7684713 2517
2812 7687230 962
2813 7688192 893
2814 7689085 1689
2815 7690774 2285
2816 7693059 7333
2817 7700392 1687
2818 7702079 4815
2819 7706894 2503
2820 7709397 3684
2821 7713081 2739
2822 7715820 7015
2823 7722835 2350
2824 7725185 3069
2825 7728254 4651
2826 7732905 2569
2827 7735474 2931
2828 7738405 1952
2829 7740357 1321
2830 7741678 4784
2831 7746462 1681
2832 7748143 1050
2833 7749193 1649
2834 7750842 1847
2835 7752689 4656
2836 7757345 1720
2837 7759065 2732
2838 7761797 9396
2839 7771193 1924
2840 7773117 2681
2841 7775798 9137
2842 7784935 3598
2843 7788533 6205
2844 7794738 3416
2845 7798154 3003
2846 7801157 7929
2847 7809086 1781
2848 7810867 2248
2849 7813115 1694
2850 7814809 1010
2851 7815819 2435
2852 7818254 1726
2853 7819980 1828
2854 7821808 15126
2855 7836934 7434
2856 7844368 3190
2857 7847558 1722
2858 7849280 1458
2859 7850738 7735
2860 7858473 2039
2861 7860512 2161
2862 7862673 1831
2863 7864504 1733
2864 7866237 2124
2865 7868361 1204
2866 7869565 3275
2867 7872840 3778
2868 7876618 4291
2869 7880909 3648
2870 7884557 14648
2871 7899205 3095
2872 7902300 4863
2873 7907163 4146
2874 7911309 2664
2875 7913973 2767
2876 7916740 3613
2877 7920353 3511
2878 7923864 19838
2879 7943702 4041
2880 7947743 1295
2881 7949038 4215
2882 7953253 3717
2883 7956970 5390
2884 7962360 4362
2885 7966722 3836
2886 7970558 4414
2887 7974972 3111
2888 7978083 1731
2889 7979814 4346
2890 7984160 3778
2891 7987938 3220
2892 7991158 4039
2893 7995197 4201
2894 7999398 3585
2895 8002983 3685
2896 8006668 3847
2897 8010515 4046
2898 8014561 3513
2899 8018074 4352
2900 8022426 10553
2901 8032979 3805
2902 8036784 4761
2903 8041545 3545
2904 8045090 4063
2905 8049153 4818
2906 8053971 4227
2907 8058198 3993
2908 8062191 3520
2909 8065711 2887
2910 8068598 3132
2911 8071730 3174
2912 8074904 4103
2913 8079007 3309
2914 8082316 19398
2915 8101714 4396
2916 8106110 3449
2917 8109559 1595
2918 8111154 3495
2919 8114649 3557
2920 8118206 19583
2921 8137789 4715
2922 8142504 1552
2923 8144056 3455
2924 8147511 4890
2925 8152401 4188
2926 8156589 3384
2927 8159973 1268
2928 8161241 3495
2929 8164736 5487
2930 8170223 3817
2931 8174040 5107
2932 8179147 3213
2933 8182360 3331
2934 8185691 3680
2935 8189371 3772
2936 8193143 3522
2937 8196665 2778
2938 8199443 3280
2939 8202723 3688
2940 8206411 3237
2941 8209648 3592
2942 8213240 18981
2943 8232221 4558
2944 8236779 3823
2945 8240602 3663
2946 8244265 1636
2947 8245901 4371
2948 8250272 1280
2949 8251552 974
2950 8252526 3002
2951 8255528 4113
2952 8259641 3591
2953 8263232 2890
2954 8266122 3570
2955 8269692 2654
2956 8272346 1151
2957 8273497 4264
2958 8277761 19856
2959 8297617 3869
2960 8301486 4864
2961 8306350 3371
2962 8309721 4857
2963 8314578 3357
2964 8317935 3317
2965 8321252 3689
2966 8324941 829
2967 8325770 1143
2968 8326913 2986
2969 8329899 4458
2970 8334357 9726
2971 8344083 2238
2972 8346321 3213
2973 8349534 2148
2974 8351682 2329
2975 8354011 27090
2976 8381101 1942
2977 8383043 1822
2978 8384865 5422
2979 8390287 5512
2980 8395799 2549
2981 8398348 3460
2982 8401808 4824
2983 8406632 3775
2984 8410407 3428
2985 8413835 15536
2986 8429371 4192
2987 8433563 3645
2988 8437208 10205
2989 8447413 1730
2990 8449143 1551
2991 8450694 5916
2992 8456610 11008
2993 8467618 5302
2994 8472920 3904
2995 8476824 2247
2996 8479071 1358
2997 8480429 716
2998 8481145 1582
2999 8482727 4701
3000 8487428 2787
3001 8490215 2003
3002 8492218 8843
3003 8501061 6323
3004 8507384 5243
3005 8512627 2024
3006 8514651 6526
3007 8521177 3020
3008 8524197 2990
3009 8527187 7562
3010 8534749 1748
3011 8536497 2168
3012 8538665 2643
3013 8541308 1750
3014 8543058 1652
3015 8544710 10969
3016 8555679 7666
3017 8563345 3432
3018 8566777 3089
3019 8569866 1951
3020 8571817 5626
3021 8577443 8237
3022 8585680 3259
3023 8588939 629
3024 8589568 3708
3025 8593276 5175
3026 8598451 6961
3027 8605412 973
3028 8606385 2415
3029 8608800 4420
3030 8613220 3604
3031 8616824 2957
3032 8619781 5678
3033 8625459 5140
3034 8630599 7406
3035 8638005 1176
3036 8639181 3991
3037 8643172 1399
3038 8644571 7399
3039 8651970 3345
3040 8655315 4434
3041 8659749 4928
3042 8664677 2397
3043 8667074 6131
3044 8673205 2331
3045 8675536 1760
3046 8677296 15364
3047 8692660 9349
3048 8702009 5445
3049 8707454 1423
3050 8708877 5748
3051 8714625 1445
3052 8716070 6616
3053 8722686 4685
3054 8727371 4661
3055 8732032 9820
3056 8741852 1783
3057 8743635 3529
3058 8747164 15758
3059 8762922 9649
3060 8772571 3961
3061 8776532 7948
3062 8784480 13831
3063 8798311 3849
3064 8802160 14143
3065 8816303 5451
3066 8821754 2042
3067 8823796 3162
3068 8826958 6365
3069 8833323 1029
3070 8834352 6686
3071 8841038 983
3072 8842021 1193
3073 8843214 834
3074 8844048 6358
3075 8850406 2890
3076 8853296 5124
3077 8858420 9115
3078 8867535 7400
3079 8874935 1877
3080 8876812 5536
3081 8882348 3646
3082 8885994 1555
3083 8887549 687
3084 8888236 3330
3085 8891566 9216
3086 8900782 2925
3087 8903707 2263
3088 8905970 5760
3089 8911730 1346
3090 8913076 4458
3091 8917534 738
3092 8918272 2599
3093 8920871 1584
3094 8922455 1181
3095 8923636 2563
3096 8926199 4407
3097 8930606 2972
3098 8933578 5477
3099 8939055 5911
3100 8944966 4510
3101 8949476 2807
3102 8952283 2113
3103 8954396 1115
3104 8955511 853
3105 8956364 2684
3106 8959048 5828
3107 8964876 993
3108 8965869 1853
3109 8967722 1780
3110 8969502 7518
3111 8977020 1252
3112 8978272 2272
3113 8980544 2477
3114 8983021 1439
3115 8984460 628
3116 8985088 5049
3117 8990137 6167
3118 8996304 11669
3119 9007973 1263
3120 9009236 2388
3121 9011624 1075
3122 9012699 1310
3123 9014009 2228
3124 9016237 2866
3125 9019103 5232
3126 9024335 2486
3127 9026821 3068
3128 9029889 20125
3129 9050014 2894
3130 9052908 1658
3131 9054566 2292
3132 9056858 1809
3133 9058667 1506
3134 9060173 7396
3135 9067569 4648
3136 9072217 12636
3137 9084853 2458
3138 9087311 1868
3139 9089179 1491
3140 9090670 3154
3141 9093824 1424
3142 9095248 3926
3143 9099174 1149
3144 9100323 1176
3145 9101499 1382
3146 9102881 2431
3147 9105312 2005
3148 9107317 2406
3149 9109723 3511
3150 9113234 301
3151 9113535 1016
3152 9114551 7365
3153 9121916 5255
3154 9127171 6615
3155 9133786 4479
3156 9138265 3744
3157 9142009 2795
3158 9144804 30968
3159 9175772 4007
3160 9179779 5332
3161 9185111 2890
3162 9188001 2010
3163 9190011 4788
3164 9194799 1271
3165 9196070 2607
3166 9198677 803
3167 9199480 3271
3168 9202751 808
3169 9203559 6258
3170 9209817 6400
3171 9216217 5778
3172 9221995 10789
3173 9232784 3834
3174 9236618 1625
3175 9238243 2190
3176 9240433 9625
3177 9250058 4353
3178 9254411 6426
3179 9260837 3089
3180 9263926 6139
3181 9270065 6120
3182 9276185 1734
3183 9277919 6513
3184 9284432 3316
3185 9287748 6751
3186 9294499 9075
3187 9303574 1466
3188 9305040 2951
3189 9307991 1816
3190 9309807 3392
3191 9313199 6058
3192 9319257 6838
3193 9326095 6344
3194 9332439 6466
3195 9338905 9741
3196 9348646 9782
3197 9358428 1222
3198 9359650 755
3199 9360405 1188
3200 9361593 3838
3201 9365431 710
3202 9366141 5568
3203 9371709 1433
3204 9373142 2822
3205 9375964 2359
3206 9378323 5569
3207 9383892 12259
3208 9396151 2638
3209 9398789 26127
3210 9424916 3752
3211 9428668 4077
3212 9432745 12472
3213 9445217 4443
3214 9449660 3933
3215 9453593 14693
3216 9468286 12315
3217 9480601 3717
3218 9484318 1678
3219 9485996 9144
3220 9495140 1845
3221 9496985 754
3222 9497739 3273
3223 9501012 2898
3224 9503910 5861
3225 9509771 9660
3226 9519431 4085
3227 9523516 1176
3228 9524692 1827
3229 9526519 5542
3230 9532061 4639
3231 9536700 4585
3232 9541285 4436
3233 9545721 1900
3234 9547621 4412
3235 9552033 3717
3236 9555750 6206
3237 9561956 4233
3238 9566189 1147
3239 9567336 776
3240 9568112 8886
3241 9576998 3996
3242 9580994 7049
3243 9588043 1554
3244 9589597 2520
3245 9592117 1129
3246 9593246 1067
3247 9594313 1058
3248 9595371 5369
3249 9600740 11041
3250 9611781 789
3251 9612570 708
3252 9613278 4060
3253 9617338 10132
3254 9627470 1351
3255 9628821 3152
3256 9631973 894
3257 9632867 725
3258 9633592 669
3259 9634261 1030
3260 9635291 768
3261 9636059 1795
3262 9637854 12341
3263 9650195 4369
3264 9654564 11234
3265 9665798 3653
3266 9669451 2738
3267 9672189 770
3268 9672959 5995
3269 9678954 3371
3270 9682325 8988
3271 9691313 4060
3272 9695373 2086
3273 9697459 3467
3274 9700926 7633
3275 9708559 2677
3276 9711236 2774
3277 9714010 9705
3278 9723715 19382
3279 9743097 3153
3280 9746250 2790
3281 9749040 5413
3282 9754453 2298
3283 9756751 4304
3284 9761055 6633
3285 9767688 1007
3286 9768695 4926
3287 9773621 8325
3288 9781946 5392
3289 9787338 6723
3290 9794061 967
3291 9795028 3832
3292 9798860 2996
3293 9801856 3631
3294 9805487 2587
3295 9808074 3747
3296 9811821 4733
3297 9816554 9677
3298 9826231 9684
3299 9835915 11576
3300 9847491 2200
3301 9849691 4843
3302 9854534 3065
3303 9857599 1695
3304 9859294 5833
3305 9865127 2078
3306 9867205 1970
3307 9869175 8439
3308 9877614 8842
3309 9886456 2805
3310 9889261 4540
3311 9893801 3195
3312 9896996 1991
3313 9898987 10696
3314 9909683 6329
3315 9916012 4930
3316 9920942 5353
3317 9926295 1367
3318 9927662 1903
3319 9929565 3652
3320 9933217 301
3321 9933518 3751
3322 9937269 2580
3323 9939849 7735
3324 9947584 7052
3325 9954636 6535
3326 9961171 8849
3327 9970020 3200
3328 9973220 2860
3329 9976080 1893
3330 9977973 7110
3331 9985083 3461
3332 9988544 2700
3333 9991244 1212
3334 9992456 11686
3335 10004142 10890
3336 10015032 9951
3337 10024983 6986
3338 10031969 8986
3339 10040955 2342
3340 10043297 569
3341 10043866 2824
3342 10046690 672
3343 10047362 6422
3344 10053784 4349
3345 10058133 2371
3346 10060504 9242
3347 10069746 6570
3348 10076316 1611
3349 10077927 7463
3350 10085390 2782
3351 10088172 7733
3352 10095905 4524
3353 10100429 2989
3354 10103418 6359
3355 10109777 9303
3356 10119080 3023
3357 10122103 4435
3358 10126538 3947
3359 10130485 1765
3360 10132250 6567
3361 10138817 5524
3362 10144341 5283
3363 10149624 8079
3364 10157703 1887
3365 10159590 2869
3366 10162459 5039
3367 10167498 6584
3368 10174082 4761
3369 10178843 4279
3370 10183122 3647
3371 10186769 3094
3372 10189863 4145
3373 10194008 8689
3374 10202697 4080
3375 10206777 7576
3376 10214353 38612
3377 10252965 5484
3378 10258449 17916
3379 10276365 5335
3380 10281700 2813
3381 10284513 10585
3382 10295098 3827
3383 10298925 4772
3384 10303697 5452
3385 10309149 4870
3386 10314019 5290
3387 10319309 6770
3388 10326079 6529
3389 10332608 4723
3390 10337331 4194
3391 10341525 8997
3392 10350522 8449
3393 10358971 5527
3394 10364498 4316
3395 10368814 7488
3396 10376302 7949
3397 10384251 5692
3398 10389943 5402
3399 10395345 4509
3400 10399854 5004
3401 10404858 4362
3402 10409220 4414
3403 10413634 5390
3404 10419024 1301
3405 10420325 4053
3406 10424378 19916
3407 10444294 3753
3408 10448047 6377
3409 10454424 4722
3410 10459146 2858
3411 10462004 3525
3412 10465529 3958
3413 10469487 3512
3414 10472999 4321
3415 10477320 11960
3416 10489280 4288
3417 10493568 8263
3418 10501831 7907
3419 10509738 8047
3420 10517785 7354
3421 10525139 1673
3422 10526812 5296
3423 10532108 16493
3424 10548601 4652
3425 10553253 9493
3426 10562746 5353
3427 10568099 4241
3428 10572340 4830
3429 10577170 4075
3430 10581245 10553
3431 10591798 5599
3432 10597397 4157
3433 10601554 3207
3434 10604761 3790
3435 10608551 3965
3436 10612516 3357
3437 10615873 3462
3438 10619335 18475
3439 10637810 4852
3440 10642662 5408
3441 10648070 3443
3442 10651513 11519
3443 10663032 7921
3444 10670953 19583
3445 10690536 5499
3446 10696035 1274
3447 10697309 2171
3448 10699480 2915
3449 10702395 3710
3450 10706105 19398
3451 10725503 19821
3452 10745324 4396
3453 10749720 4342
3454 10754062 3566
3455 10757628 12609
3456 10770237 6829
3457 10777066 25831
3458 10802897 11272
3459 10814169 7139
3460 10821308 1595
3461 10822903 5992
3462 10828895 6396
3463 10835291 23635
3464 10858926 1611
3465 10860537 2854
3466 10863391 2182
3467 10865573 1044
3468 10866617 5481
3469 10872098 2013
3470 10874111 1543
3471 10875654 1898
3472 10877552 1212
3473 10878764 1219
3474 10879983 7000
3475 10886983 3798
3476 10890781 1064
3477 10891845 2514
3478 10894359 2273
3479 10896632 3264
3480 10899896 2629
3481 10902525 30084
3482 10932609 1138
3483 10933747 1788
3484 10935535 5151
3485 10940686 1292
3486 10941978 1692
3487 10943670 1773
3488 10945443 2452
3489 10947895 1720
3490 10949615 1624
3491 10951239 2681
3492 10953920 3264
3493 10957184 4706
3494 10961890 1826
3495 10963716 997
3496 10964713 1536
3497 10966249 2096
3498 10968345 1570
3499 10969915 1842
3500 10971757 1330
3501 10973087 1949
3502 10975036 1665
3503 10976701 902
3504 10977603 2760
3505 10980363 1917
3506 10982280 6197
3507 10988477 2771
3508 10991248 1446
3509 10992694 1248
3510 10993942 2730
3511 10996672 1499
3512 10998171 2359
3513 11000530 1510
3514 11002040 1382
3515 11003422 2234
3516 11005656 1563
3517 11007219 1758
3518 11008977 5262
3519 11014239 2630
3520 11016869 5652
3521 11022521 1718
3522 11024239 1340
3523 11025579 3013
3524 11028592 1645
3525 11030237 2833
3526 11033070 1337
3527 11034407 904
3528 11035311 1651
3529 11036962 4039
3530 11041001 3280
3531 11044281 3029
3532 11047310 3401
3533 11050711 2756
3534 11053467 1451
3535 11054918 1414
3536 11056332 928
3537 11057260 2209
3538 11059469 1671
3539 11061140 1134
3540 11062274 3368
3541 11065642 3245
3542 11068887 3822
3543 11072709 1798
3544 11074507 4916
3545 11079423 3908
3546 11083331 1811
3547 11085142 1829
3548 11086971 1013
3549 11087984 1314
3550 11089298 1029
3551 11090327 1206
3552 11091533 5130
3553 11096663 2325
3554 11098988 1899
3555 11100887 1173
3556 11102060 1336
3557 11103396 1282
3558 11104678 4227
3559 11108905 1550
3560 11110455 2733
3561 11113188 2185
3562 11115373 1143
3563 11116516 1878
3564 11118394 5043
3565 11123437 2382
3566 11125819 2856
3567 11128675 2745
3568 11131420 1289
3569 11132709 1145
3570 11133854 900
3571 11134754 1020
3572 11135774 1035
3573 11136809 2399
3574 11139208 1783
3575 11140991 1192
3576 11142183 942
3577 11143125 1173
3578 11144298 1397
3579 11145695 1038
3580 11146733 1989
3581 11148722 2665
3582 11151387 1315
3583 11152702 2782
3584 11155484 2858
3585 11158342 3039
3586 11161381 1102
3587 11162483 3667
3588 11166150 2585
3589 11168735 4336
3590 11173071 3372
3591 11176443 5923
3592 11182366 3341
3593 11185707 962
3594 11186669 2369
3595 11189038 4669
3596 11193707 2354
3597 11196061 836
3598 11196897 5847
3599 11202744 1276
3600 11204020 6057
3601 11210077 916
3602 11210993 1660
3603 11212653 915
3604 11213568 3316
3605 11216884 6459
3606 11223343 868
3607 11224211 3462
3608 11227673 4079
3609 11231752 1289
3610 11233041 1123
3611 11234164 1844
3612 11236008 1577
3613 11237585 2539
3614 11240124 2538
3615 11242662 1790
3616 11244452 1421
3617 11245873 2952
3618 11248825 2479
3619 11251304 1610
3620 11252914 1903
3621 11254817 1123
3622 11255940 993
3623 11256933 3406
3624 11260339 2000
3625 11262339 1971
3626 11264310 2266
3627 11266576 1996
3628 11268572 3166
3629 11271738 1836
3630 11273574 3239
3631 11276813 3843
3632 11280656 559
3633 11281215 1147
3634 11282362 852
3635 11283214 2610
3636 11285824 1099
3637 11286923 2322
3638 11289245 1904
3639 11291149 1466
3640 11292615 766
3641 11293381 1719
3642 11295100 2580
3643 11297680 1608
3644 11299288 2328
3645 11301616 2431
3646 11304047 2291
3647 11306338 1109
3648 11307447 2562
3649 11310009 1468
3650 11311477 4228
3651 11315705 2151
3652 11317856 1832
3653 11319688 2291
3654 11321979 4255
3655 11326234 579
3656 11326813 872
3657 11327685 2606
3658 11330291 4281
3659 11334572 3600
3660 11338172 946
3661 11339118 4122
3662 11343240 3556
3663 11346796 1263
3664 11348059 2437
3665 11350496 2696
3666 11353192 9700
3667 11362892 2067
3668 11364959 1901
3669 11366860 2693
3670 11369553 3235
3671 11372788 9586
3672 11382374 3510
3673 11385884 8426
3674 11394310 2185
3675 11396495 1774
3676 11398269 1113
3677 11399382 1526
3678 11400908 1103
3679 11402011 1416
3680 11403427 5408
3681 11408835 5040
3682 11413875 2199
3683 11416074 1786
3684 11417860 4064
3685 11421924 2367
3686 11424291 2304
3687 11426595 7718
3688 11434313 1363
3689 11435676 1522
3690 11437198 4327
3691 11441525 1311
3692 11442836 1279
3693 11444115 1456
3694 11445571 1733
3695 11447304 5231
3696 11452535 2570
3697 11455105 1420
3698 11456525 3229
3699 11459754 10978
3700 11470732 3876
3701 11474608 9623
3702 11484231 3832
3703 11488063 1613
3704 11489676 2160
3705 11491836 7079
3706 11498915 1911
3707 11500826 7409
3708 11508235 3433
3709 11511668 1966
3710 11513634 12934
3711 11526568 5298
3712 11531866 4723
3713 11536589 1422
3714 11538011 2520
3715 11540531 2367
3716 11542898 2199
3717 11545097 3652
3718 11548749 1426
3719 11550175 11091
3720 11561266 1215
3721 11562481 717
3722 11563198 4805
3723 11568003 2086
3724 11570089 1340
3725 11571429 947
3726 11572376 7458
3727 11579834 3161
3728 11582995 1940
3729 11584935 2923
3730 11587858 1016
3731 11588874 1366
3732 11590240 1401
3733 11591641 573
3734 11592214 4017
3735 11596231 4666
3736 11600897 5003
3737 11605900 3290
3738 11609190 2256
3739 11611446 905
3740 11612351 831
3741 11613182 1290
3742 11614472 5730
3743 11620202 1636
3744 11621838 813
3745 11622651 1730
3746 11624381 13024
3747 11637405 599
3748 11638004 1887
3749 11639891 2517
3750 11642408 2368
3751 11644776 2733
3752 11647509 1695
3753 11649204 667
3754 11649871 2206
3755 11652077 2242
3756 11654319 2246
3757 11656565 2369
3758 11658934 2181
3759 11661115 527
3760 11661642 2474
3761 11664116 1279
3762 11665395 3147
3763 11668542 1605
3764 11670147 752
3765 11670899 1090
3766 11671989 1995
3767 11673984 1601
3768 11675585 2600
3769 11678185 2047
3770 11680232 3792
3771 11684024 982
3772 11685006 1247
3773 11686253 1966
3774 11688219 1478
3775 11689697 3851
3776 11693548 5758
3777 11699306 2280
3778 11701586 2942
3779 11704528 1544
3780 11706072 5790
3781 11711862 2698
3782 11714560 1327
3783 11715887 1305
3784 11717192 1374
3785 11718566 7995
3786 11726561 1752
3787 11728313 2870
3788 11731183 1282
3789 11732465 1470
3790 11733935 5164
3791 11739099 3081
3792 11742180 1336
3793 11743516 2828
3794 11746344 1483
3795 11747827 969
3796 11748796 2815
3797 11751611 1534
3798 11753145 947
3799 11754092 3040
3800 11757132 1262
3801 11758394 8819
3802 11767213 2648
3803 11769861 1664
3804 11771525 2274
3805 11773799 2030
3806 11775829 6293
3807 11782122 2118
3808 11784240 1606
3809 11785846 3187
3810 11789033 4099
3811 11793132 2723
3812 11795855 2922
3813 11798777 1076
3814 11799853 1458
3815 11801311 5545
3816 11806856 1686
3817 11808542 3658
3818 11812200 2120
3819 11814320 5848
3820 11820168 6820
3821 11826988 1260
3822 11828248 1559
3823 11829807 396
3824 11830203 2238
3825 11832441 1781
3826 11834222 2985
3827 11837207 1259
3828 11838466 1999
3829 11840465 961
3830 11841426 1907
3831 11843333 3006
3832 11846339 6925
3833 11853264 2700
3834 11855964 1602
3835 11857566 1807
3836 11859373 1744
3837 11861117 999
3838 11862116 8998
3839 11871114 5649
3840 11876763 5707
3841 11882470 5524
3842 11887994 6781
3843 11894775 2112
3844 11896887 19495
3845 11916382 7719
3846 11924101 1858
3847 11925959 1276
3848 11927235 3074
3849 11930309 1896
3850 11932205 2731
3851 11934936 4213
3852 11939149 1451
3853 11940600 633
3854 11941233 6610
3855 11947843 2454
3856 11950297 1867
3857 11952164 3385
3858 11955549 1927
3859 11957476 13797
3860 11971273 580
3861 11971853 1678
3862 11973531 3069
3863 11976600 2406
3864 11979006 2870
3865 11981876 18412
3866 12000288 1659
3867 12001947 323
3868 12002270 2856
3869 12005126 983
3870 12006109 1160
3871 12007269 15613
3872 12022882 6468
3873 12029350 13999
3874 12043349 772
3875 12044121 2805
3876 12046926 2087
3877 12049013 2644
3878 12051657 2820
3879 12054477 1813
3880 12056290 20099
3881 12076389 9074
3882 12085463 3607
3883 12089070 3589
3884 12092659 3430
3885 12096089 2138
3886 12098227 3397
3887 12101624 465
3888 12102089 2582
3889 12104671 2944
3890 12107615 13965
3891 12121580 1842
3892 12123422 4143
3893 12127565 2795
3894 12130360 3004
3895 12133364 964
3896 12134328 723
3897 12135051 20185
3898 12155236 3881
3899 12159117 341
3900 12159458 28671
3901 12188129 4249
3902 12192378 7436
3903 12199814 9366
3904 12209180 30347
3905 12239527 19718
3906 12259245 985
3907 12260230 651
3908 12260881 2359
3909 12263240 1649
3910 12264889 5000
3911 12269889 3350
3912 12273239 4083
3913 12277322 2535
3914 12279857 4626
3915 12284483 1179
3916 12285662 2038
3917 12287700 704
3918 12288404 456
3919 12288860 9954
3920 12298814 2335
3921 12301149 888
3922 12302037 30487
3923 12332524 3577
3924 12336101 966
3925 12337067 2620
3926 12339687 3158
3927 12342845 365
3928 12343210 7249
3929 12350459 19066
3930 12369525 5737
3931 12375262 1337
3932 12376599 2214
3933 12378813 2382
3934 12381195 2643
3935 12383838 2585
3936 12386423 1279
3937 12387702 9034
3938 12396736 3682
3939 12400418 2180
3940 12402598 2393
3941 12404991 22130
3942 12427121 887
3943 12428008 430
3944 12428438 1186
3945 12429624 3879
3946 12433503 1170
3947 12434673 3573
3948 12438246 3285
3949 12441531 1612
3950 12443143 1381
3951 12444524 2051
3952 12446575 2192
3953 12448767 1318
3954 12450085 1348
3955 12451433 3930
3956 12455363 587
3957 12455950 6505
3958 12462455 2609
3959 12465064 3707
3960 12468771 855
3961 12469626 1306
3962 12470932 2452
3963 12473384 724
3964 12474108 823
3965 12474931 5052
3966 12479983 8543
3967 12488526 4262
3968 12492788 3263
3969 12496051 12895
3970 12508946 4612
3971 12513558 2409
3972 12515967 2465
3973 12518432 697
3974 12519129 1414
3975 12520543 10120
3976 12530663 21799
3977 12552462 909
3978 12553371 3551
3979 12556922 3872
3980 12560794 1460
3981 12562254 1105
3982 12563359 5797
3983 12569156 1250
3984 12570406 948
3985 12571354 10858
3986 12582212 1393
3987 12583605 17763
3988 12601368 9511
3989 12610879 2881
3990 12613760 4008
3991 12617768 1393
3992 12619161 4636
3993 12623797 5993
3994 12629790 1097
3995 12630887 915
3996 12631802 2339
3997 12634141 8203
3998 12642344 3292
3999 12645636 1879
4000 12647515 567
4001 12648082 1585
4002 12649667 2313
4003 12651980 3845
4004 12655825 5971
4005 12661796 1367
4006 12663163 3205
4007 12666368 1277
4008 12667645 1351
4009 12668996 1141
4010 12670137 5573
4011 12675710 967
4012 12676677 4401
4013 12681078 380
4014 12681458 8912
4015 12690370 3627
4016 12693997 1643
4017 12695640 1375
4018 12697015 6432
4019 12703447 4109
4020 12707556 1287
4021 12708843 2980
4022 12711823 2693
4023 12714516 1816
4024 12716332 4147
4025 12720479 12853
4026 12733332 1511
4027 12734843 4066
4028 12738909 3616
4029 12742525 1401
4030 12743926 1124
4031 12745050 3995
4032 12749045 6909
4033 12755954 12975
4034 12768929 1620
4035 12770549 1554
4036 12772103 1489
4037 12773592 2467
4038 12776059 2194
4039 12778253 1783
4040 12780036 1800
4041 12781836 1191
4042 12783027 1672
4043 12784699 841
4044 12785540 7057
4045 12792597 8164
4046 12800761 1513
4047 12802274 1119
4048 12803393 4703
4049 12808096 2458
4050 12810554 1201
4051 12811755 6470
4052 12818225 1806
4053 12820031 7587
4054 12827618 2201
4055 12829819 6424
4056 12836243 4027
4057 12840270 1427
4058 12841697 8367
4059 12850064 6928
4060 12856992 9563
4061 12866555 3676
4062 12870231 2259
4063 12872490 3425
4064 12875915 4762
4065 12880677 1715
4066 12882392 2014
4067 12884406 3179
4068 12887585 2496
4069 12890081 7832
4070 12897913 2709
4071 12900622 2060
4072 12902682 6263
4073 12908945 4291
4074 12913236 4411
4075 12917647 3880
4076 12921527 6933
4077 12928460 3650
4078 12932110 3330
4079 12935440 4670
4080 12940110 5312
4081 12945422 4489
4082 12949911 3465
4083 12953376 4167
4084 12957543 1185
4085 12958728 7993
4086 12966721 4617
4087 12971338 4435
4088 12975773 4420
4089 12980193 4132
4090 12984325 5610
4091 12989935 7844
4092 12997779 2392
4093 13000171 2173
4094 13002344 2996
4095 13005340 2990
4096 13008330 4660
4097 13012990 5475
4098 13018465 3214
4099 13021679 4134
4100 13025813 5506
4101 13031319 4728
4102 13036047 5164
4103 13041211 2536
4104 13043747 2774
4105 13046521 3014
4106 13049535 8308
4107 13057843 1274
4108 13059117 816
4109 13059933 281
4110 13060214 4194
4111 13064408 3390
4112 13067798 1590
4113 13069388 9995
4114 13079383 3114
4115 13082497 8801
4116 13091298 4009
4117 13095307 5291
4118 13100598 4978
4119 13105576 8630
4120 13114206 4843
4121 13119049 3966
4122 13123015 567
4123 13123582 4732
4124 13128314 4440
4125 13132754 3860
4126 13136614 5871
4127 13142485 7263
4128 13149748 6515
4129 13156263 2619
4130 13158882 3406
4131 13162288 1013
4132 13163301 22957
4133 13186258 18627
4134 13204885 2629
4135 13207514 8523
4136 13216037 1692
4137 13217729 2440
4138 13220169 7182
4139 13227351 3385
4140 13230736 11060
4141 13241796 2921
4142 13244717 3557
4143 13248274 3268
4144 13251542 4882
4145 13256424 7311
4146 13263735 6949
4147 13270684 6238
4148 13276922 1120
4149 13278042 2831
4150 13280873 3492
4151 13284365 1092
4152 13285457 2483
4153 13287940 1599
4154 13289539 6390
4155 13295929 13671
4156 13309600 2143
4157 13311743 12999
4158 13324742 6516
4159 13331258 2924
4160 13334182 5078
4161 13339260 2009
4162 13341269 9091
4163 13350360 6610
4164 13356970 2526
4165 13359496 6492
4166 13365988 5151
4167 13371139 9836
4168 13380975 1697
4169 13382672 786
4170 13383458 771
4171 13384229 2965
4172 13387194 1915
4173 13389109 2356
4174 13391465 3227
4175 13394692 2937
4176 13397629 3000
4177 13400629 3052
4178 13403681 2482
4179 13406163 2513
4180 13408676 2582
4181 13411258 898
4182 13412156 1640
4183 13413796 5874
4184 13419670 2622
4185 13422292 1332
4186 13423624 2089
4187 13425713 1624
4188 13427337 2942
4189 13430279 5847
4190 13436126 1239
4191 13437365 2866
4192 13440231 1888
4193 13442119 1281
4194 13443400 1165
4195 13444565 1822
4196 13446387 6036
4197 13452423 1846
4198 13454269 3484
4199 13457753 1639
4200 13459392 657
4201 13460049 2748
4202 13462797 943
4203 13463740 5805
4204 13469545 5255
4205 13474800 1657
4206 13476457 808
4207 13477265 837
4208 13478102 2529
4209 13480631 5844
4210 13486475 3783
4211 13490258 3759
4212 13494017 3717
4213 13497734 3812
4214 13501546 3866
4215 13505412 3894
4216 13509306 4098
4217 13513404 3915
4218 13517319 3840
4219 13521159 3864
4220 13525023 3882
4221 13528905 3801
4222 13532706 3840
4223 13536546 3858
4224 13540404 3854
4225 13544258 3901
4226 13548159 3740
4227 13551899 673
4228 13552572 5864
4229 13558436 729
4230 13559165 2849
4231 13562014 2912
4232 13564926 1137
4233 13566063 1320
4234 13567383 7625
4235 13575008 1529
4236 13576537 2341
4237 13578878 2141
4238 13581019 1502
4239 13582521 1028
4240 13583549 1747
4241 13585296 2667
4242 13587963 1954
4243 13589917 17085
4244 13607002 1591
4245 13608593 4892
4246 13613485 2153
4247 13615638 2864
4248 13618502 6324
4249 13624826 578
4250 13625404 4078
4251 13629482 2086
4252 13631568 1257
4253 13632825 4703
4254 13637528 898
4255 13638426 2162
4256 13640588 1940
4257 13642528 4227
4258 13646755 4740
4259 13651495 9282
4260 13660777 4175
4261 13664952 2751
4262 13667703 889
4263 13668592 854
4264 13669446 953
4265 13670399 1097
4266 13671496 3381
4267 13674877 3732
4268 13678609 6398
4269 13685007 1529
4270 13686536 2726
4271 13689262 2135
4272 13691397 3150
4273 13694547 1644
4274 13696191 8556
4275 13704747 3545
4276 13708292 3432
4277 13711724 1407
4278 13713131 7957
4279 13721088 8241
4280 13729329 8678
4281 13738007 5727
4282 13743734 7460
4283 13751194 7123
4284 13758317 5532
4285 13763849 1836
4286 13765685 6465
4287 13772150 9077
4288 13781227 3905
4289 13785132 4634
4290 13789766 2768
4291 13792534 2438
4292 13794972 3902
4293 13798874 4850
4294 13803724 4303
4295 13808027 3288
4296 13811315 7093
4297 13818408 8616
4298 13827024 8529
4299 13835553 2837
4300 13838390 686
4301 13839076 4230
4302 13843306 8176
4303 13851482 8377
4304 13859859 5448
4305 13865307 2453
4306 13867760 7638
4307 13875398 6682
4308 13882080 3502
4309 13885582 2939
4310 13888521 1099
4311 13889620 3093
4312 13892713 10640
4313 13903353 7603
4314 13910956 7656
4315 13918612 1080
4316 13919692 3008
4317 13922700 1833
4318 13924533 8067
4319 13932600 6981
4320 13939581 4101
4321 13943682 1071
4322 13944753 9619
4323 13954372 9670
4324 13964042 2745
4325 13966787 3833
4326 13970620 5730
4327 13976350 14822
4328 13991172 3084
4329 13994256 4495
4330 13998751 7931
4331 14006682 6538
4332 14013220 2546
4333 14015766 3905
4334 14019671 3840
4335 14023511 1898
4336 14025409 3425
4337 14028834 5117
4338 14033951 2279
4339 14036230 1145
4340 14037375 1402
4341 14038777 4034
4342 14042811 1029
4343 14043840 3525
4344 14047365 3339
4345 14050704 3714
4346 14054418 3315
4347 14057733 2503
4348 14060236 1025
4349 14061261 1300
4350 14062561 8105
4351 14070666 7051
4352 14077717 4522
4353 14082239 7336
4354 14089575 1034
4355 14090609 3368
4356 14093977 9109
4357 14103086 2186
4358 14105272 6334
4359 14111606 6325
4360 14117931 1181
4361 14119112 869
4362 14119981 6839
4363 14126820 3620
4364 14130440 2719
4365 14133159 1062
